100
95.771895
9.554803
-2.171279
-3.211229
-16.028843
5.760122
-6.298401
-3.154119
11.521560
12.549981
-0.847836
-0.713700
-1.725503
-0.654392
5.196404
-17.479039
11.139028
2.907489
-14.883815
1.812595
8.815226
0.587335
-13.726794
8.468785
-2.410110
1.916616
-8.104236
19.678172
-4.844019
-16.726390
13.019777
6.968063
5.447289
5.570918
4.565856
9.112694
6.046723
4.257921
11.519782
6.426913
1.064470
-9.696767
19.524512
-4.364820
4.081306
8.077584
0.243428
-3.103751
10.866826
-11.099255
-1.635331
-11.485929
0.921623
1.471835
2.506698
-11.011417
5.731157
-1.022141
12.913525
-2.909502
6.764207
-11.171737
-14.301032
5.915839
14.269720
-1.754360
-5.286727
-12.301038
16.109191
-2.544483
-5.025549
6.952437
-17.025088
-2.278904
-14.902880
3.226523
6.031266
6.237847
-12.455807
4.708911
-3.909665
2.994786
-5.229300
-1.005309
5.916742
-0.541978
-7.456359
-12.105447
-2.950402
6.125648
2.965498
12.953503
-6.753696
-0.632092
-4.986708
-5.809230
5.555870
-23.026854
-11.964385
6.738437
9.554803
89.533815
-1.935739
13.642745
8.339676
-5.152726
-11.555376
0.096053
-1.852952
2.534228
-6.175914
7.992702
10.757774
-8.659579
8.724296
-4.305530
4.666113
12.042514
-5.785508
5.882622
-1.784337
-0.666242
-4.379079
-0.710848
11.074035
-14.094490
-1.820105
-1.102946
2.047642
-2.855504
15.201705
1.541993
9.238277
3.793472
15.018594
0.632922
7.475545
5.911722
-9.181063
-5.206016
-7.090309
4.488570
12.641968
-8.547532
-2.373952
-2.584911
-11.985025
8.872800
-10.657925
2.134458
-10.719168
-8.368408
-11.320647
4.406225
9.384475
9.619188
6.245299
-1.017272
-10.248922
-11.358604
6.111085
4.244904
-1.710683
13.980311
-1.387830
-6.576286
-5.497704
-5.946915
2.794011
13.015928
0.215213
0.138705
-6.992689
12.701004
-9.216474
-2.572855
-8.770661
0.454038
-6.511752
-3.829071
5.225729
3.546292
-9.468845
4.540407
-12.332335
6.084452
7.499759
19.071799
6.886034
7.744807
2.878321
-6.857233
3.524004
-12.622265
-3.098046
-6.184218
5.374762
-12.276302
-4.952640
-0.323078
-2.171279
-1.935739
98.421454
-9.869046
12.763240
-8.656645
2.304555
20.663626
11.636983
-9.284398
-8.655463
-11.185292
11.135959
-14.924555
-2.406381
-6.625597
8.790464
7.717154
4.022819
-18.125572
10.528831
-7.686505
4.617833
-1.928355
1.659651
6.490661
-17.425501
-16.170028
-10.179543
-3.956864
2.648202
-9.319638
-9.082151
-4.396038
16.346095
11.371191
-7.901443
18.089067
-5.941836
-14.593380
-0.030027
-4.533287
-1.475384
-12.974723
-14.221453
-7.495408
0.035581
4.950143
-3.233074
-1.564460
-2.858941
-4.608849
16.963747
1.965484
-9.153584
9.085000
10.858406
8.978734
-8.069323
26.781755
-8.995979
-13.104970
-7.639728
28.826230
1.585182
-8.935431
-15.727321
4.625797
-21.059494
15.188834
0.444603
-6.951774
5.619811
-13.162705
8.488102
-1.341330
12.670444
5.779575
3.471079
6.261340
-9.053329
11.674319
-7.215521
-7.445042
2.526499
-0.991944
7.438537
1.749473
6.874989
-6.420627
-11.186266
15.075083
5.777387
6.969977
-4.118664
14.099355
-0.472560
-7.425464
4.312115
-7.942282
-3.211229
13.642745
-9.869046
101.963721
13.767257
-7.715302
5.152493
-0.581220
-3.652407
0.189329
-9.854260
0.564719
-4.302599
5.091279
-1.635690
4.245941
-12.138544
6.613293
0.042501
5.543263
0.441086
-5.133672
1.257524
-7.437534
6.524199
11.877606
-13.356533
0.451658
-1.830189
26.224612
-2.898019
2.008786
1.655872
-0.311936
14.665683
-1.413875
8.837628
1.707117
-2.633443
27.557743
16.516307
10.542843
10.765933
6.819485
-11.824252
-8.748256
2.311223
5.582854
-11.746999
-14.904853
-10.121258
-10.282961
-5.662694
-2.018289
8.500677
-4.080591
9.339020
6.503027
-10.726854
-3.887077
13.567504
2.160985
-9.300562
-7.200840
3.713096
3.003296
3.059313
13.588608
15.694436
11.195606
-6.615409
1.558543
-6.428883
10.959782
-23.757933
-4.964592
-9.879669
-11.850332
-18.454405
4.995071
-4.571188
2.914204
5.669967
-9.120501
-17.462589
2.065727
-7.116521
3.221645
-7.397681
3.860130
-15.268622
-9.699718
-3.148961
-6.328571
-4.214713
9.546401
-5.195166
-3.339785
5.852222
12.849187
-16.028843
8.339676
12.763240
13.767257
86.798918
-2.079969
14.078361
0.610568
2.296858
-5.377893
-14.191944
-6.873830
9.989848
-9.909833
-0.991737
4.838585
-2.547424
11.519912
5.484246
10.325386
9.817644
-14.624055
-3.442205
-2.774321
3.481699
1.804203
-11.963172
2.880528
-14.926183
13.555300
-13.324149
0.384466
-13.469320
0.000905
6.094084
-6.383601
4.057353
7.649602
5.714288
-0.183522
-6.684783
5.661405
-6.430913
5.052804
0.603347
-5.951759
6.446411
7.566830
-5.599385
-4.276570
-3.778546
-18.972065
-1.661047
2.965604
10.879441
1.400503
13.316353
-13.928429
0.930776
9.061209
3.893835
-19.475537
7.120853
2.988304
-10.130988
14.883141
-7.531790
9.400735
1.834996
3.390848
6.789114
-16.633363
17.991921
-14.812666
-11.705139
-3.477823
-13.934055
1.823574
19.550251
-11.058159
9.847061
10.777033
7.402005
-10.726514
-7.412014
2.678837
1.662495
3.242962
26.099213
-1.497784
3.317769
5.591276
24.999675
6.536239
-2.296323
1.317712
-11.912317
7.205413
-0.609879
-12.508029
5.760122
-5.152726
-8.656645
-7.715302
-2.079969
112.721118
-23.957823
10.459923
27.582749
9.236756
3.609490
3.283031
-9.317599
8.588403
-10.596097
-2.329871
7.587874
-5.031014
-10.171802
7.459794
-6.756701
-2.137756
0.626300
-9.542196
16.251931
-6.074936
3.643041
11.757150
-6.580225
5.670040
-1.752767
13.286280
6.112230
-6.906612
-1.475621
2.045325
2.999022
5.069646
-7.946715
-9.027717
-12.287481
-11.614166
-2.279098
-1.699905
10.999840
16.106149
4.998367
4.283554
6.281997
-7.299865
-2.774790
0.404749
5.584935
4.075587
3.740754
-17.655893
5.476625
2.624710
18.333238
-9.620795
6.858812
-0.282616
-1.360883
-7.723486
-1.236188
0.050221
-12.887388
1.119134
4.801717
-0.194016
-14.899556
-0.645506
-5.156069
6.161636
-5.546272
-7.870736
7.341317
10.750551
10.486011
-10.014358
5.674937
-16.438666
6.932321
-4.703055
4.485945
7.843967
10.769306
6.375364
7.661832
4.148316
9.414201
-11.745482
-13.690146
5.185776
-1.679696
-7.275328
-8.598696
-11.795812
-11.865022
2.800195
-6.298401
-11.555376
2.304555
5.152493
14.078361
-23.957823
77.177427
-6.079820
-3.627645
6.018402
-3.492217
-11.284139
7.114984
8.725419
-2.278074
-6.252819
2.408648
-16.112984
0.446700
-2.428797
12.946408
-2.967609
-2.133207
-5.515111
-7.190117
2.656881
-11.877682
-3.117804
14.379182
7.738850
4.500871
4.263937
-3.884128
-6.395960
16.170864
-3.331719
0.262683
-0.960861
10.479920
-0.835144
9.805961
14.401366
-0.566731
3.050706
10.445931
-14.497292
5.793699
7.695006
2.934759
-7.598972
4.190720
-11.800213
-4.343590
-9.121568
5.964011
7.499730
-2.863903
4.731019
5.896064
8.769605
-9.826036
-4.226790
-0.712464
-3.238098
-7.055229
-1.335504
-6.536576
8.766984
1.480289
-5.235028
-6.602696
15.357729
14.869772
-10.180221
-10.006423
-0.602331
-9.058127
-2.281595
-5.181870
-8.302048
4.193720
6.684565
8.440843
-9.718635
4.801917
7.609378
-1.574080
-1.640452
-7.418532
-2.390534
-13.113496
7.025651
14.631454
7.274317
13.495454
3.666781
-3.359967
7.399473
9.089123
-9.438668
-3.154119
0.096053
20.663626
-0.581220
0.610568
10.459923
-6.079820
81.893094
1.515497
-10.457508
6.195913
-3.221521
3.551578
-6.830509
-1.249370
-3.619891
4.327022
-7.189213
3.729069
-6.670000
0.202148
0.803815
-6.249820
-2.620328
8.421181
-1.295484
-11.135708
-0.774202
-4.427569
-5.009408
-0.846248
9.213233
-11.658838
-11.236066
-8.860365
11.563852
3.576781
31.986555
8.217311
-10.351165
-3.703700
-11.364888
3.572684
0.140720
10.791062
-1.741089
7.481886
10.760445
-11.145455
-0.157690
-3.705496
-8.333446
-1.060350
14.591457
-6.728479
8.629472
-4.753614
22.312836
-10.685588
7.472959
-8.477915
-11.059094
13.899261
7.887357
-7.932905
-6.938140
-9.231675
-8.733331
15.098570
19.491757
0.738403
-6.140246
-6.258033
-5.294469
20.156989
-7.671613
3.611275
4.570975
-3.317514
9.977142
-9.815619
14.892288
-16.727826
-10.193682
7.568947
-7.323937
-0.223838
4.675469
-10.005791
-14.228060
1.106164
-12.085017
-0.572065
-1.195899
-1.041893
10.885672
-5.483596
3.249026
0.898745
-8.814817
11.521560
-1.852952
11.636983
-3.652407
2.296858
27.582749
-3.627645
1.515497
100.248665
6.674022
-15.234418
-20.264784
0.754647
-6.023329
9.327380
-14.759659
26.035753
1.934473
-10.048574
3.308931
-7.881854
4.306804
-6.063188
3.851995
2.329030
15.693542
11.079205
8.071246
3.491361
7.300219
-1.963639
20.689748
-4.944030
-3.323560
5.130788
2.095579
1.921805
-12.769167
-5.236929
-9.103981
-13.294971
-7.898800
-16.946639
3.462218
6.044377
-7.744897
-4.249117
5.803405
-4.157012
1.674532
14.781785
-7.474994
12.019531
16.269802
9.830442
-9.344330
13.037740
-2.755523
20.269254
-14.053956
-8.148083
-4.553305
6.202946
3.030867
7.849031
6.451098
-17.617639
7.979380
-6.179892
2.551110
-1.910069
8.671416
-15.023409
-15.752646
-6.615689
4.591716
8.091313
5.930191
15.107905
-8.290228
11.643839
3.775102
21.775043
-7.351349
4.095288
15.389630
0.310661
-1.807915
-0.433849
4.479816
-5.818923
2.894804
3.685597
1.819100
12.589089
-1.031945
2.503031
-3.781967
-0.417168
-1.407068
12.549981
2.534228
-9.284398
0.189329
-5.377893
9.236756
6.018402
-10.457508
6.674022
122.359394
-3.904902
9.009578
-4.918221
5.137327
-9.643774
8.646996
-8.671701
6.788629
6.880426
5.993110
-18.340923
-2.579428
-7.633962
0.447240
-23.557866
-4.709852
14.113152
14.001996
-0.091947
12.670246
-2.478959
-15.861639
-6.816674
1.856161
-10.144968
-4.741328
2.899266
-5.011417
9.804206
6.631221
-5.476662
-1.953980
-1.615221
-12.164656
-6.825424
2.235393
0.706075
1.660711
27.442053
-7.672382
0.233737
2.787651
5.233195
-13.405543
15.911729
-0.005136
1.536218
8.244384
0.435913
-3.495476
1.415715
16.683742
-2.439169
2.556388
3.636366
18.668096
-1.320393
-2.294763
5.265340
-3.368172
4.788562
4.243765
12.074501
12.798949
-19.336531
-1.883098
-4.513267
-4.922245
-17.207352
0.700449
1.946755
-1.258417
-15.290379
5.208917
8.647710
-19.571939
4.825587
6.846848
-3.016565
8.235749
11.567643
-8.522129
-16.098309
-0.067180
-1.684843
5.497160
9.864147
3.373653
6.052343
-0.861542
-0.847836
-6.175914
-8.655463
-9.854260
-14.191944
3.609490
-3.492217
6.195913
-15.234418
-3.904902
112.944560
-6.864965
9.537630
4.363587
10.580508
-0.895703
-11.744378
-26.426776
6.613506
-3.014426
17.976558
9.043821
12.744190
-15.960261
4.430509
-8.859422
-2.176396
19.456299
-4.879379
-17.234214
-1.651872
-8.231977
8.888328
14.511599
6.617245
6.747213
10.539746
9.778048
9.729565
-13.259501
10.003995
-16.744557
2.309786
6.597727
6.617132
-3.306757
-3.913139
3.604753
-1.424050
-6.324470
1.960304
13.687785
-11.182531
12.816390
-11.301745
-7.063835
4.793505
7.446387
16.554838
19.621763
-6.894989
2.512403
-11.061407
-5.073978
18.073007
4.226882
-0.489916
-2.426384
6.743414
-11.185417
-4.494073
-9.311896
17.076821
9.400613
0.221662
2.159819
10.910436
-4.906916
-10.787199
-14.351269
3.101321
7.007393
-23.896891
2.828052
15.925094
9.141479
10.465578
8.315900
3.999942
-15.549455
12.652415
-14.004275
8.407577
-13.432130
-2.858355
5.668240
-14.897783
-6.247397
-5.767473
11.261732
-0.713700
7.992702
-11.185292
0.564719
-6.873830
3.283031
-11.284139
-3.221521
-20.264784
9.009578
-6.864965
116.770970
9.840137
-2.006616
-25.234673
26.382200
-3.587735
5.135870
2.704364
-1.079420
1.882381
-6.655219
9.035128
3.002812
-24.235818
-7.188302
1.829258
9.278196
-5.697609
-1.733462
-6.957789
-9.397742
4.229363
-5.699855
7.171842
2.541313
3.507397
-20.966857
11.802506
12.171451
-6.927439
16.315635
3.346490
-0.033893
3.277135
16.015772
14.729468
-9.892913
19.115743
2.202631
-3.844009
1.092184
7.864814
0.431498
-5.778701
-13.976245
-13.113101
13.977605
-13.151425
6.162392
19.381269
-2.974169
-10.161550
2.320679
-10.497243
9.045365
-30.414692
-3.753060
-8.587212
6.307167
-0.432288
-25.282767
5.966104
6.548137
5.171704
-4.722022
-5.965434
-0.386255
-15.862807
-21.880506
-0.717501
-13.900268
-8.085347
4.366345
23.353624
-9.158934
-0.042108
-2.077418
2.751772
13.585722
3.353242
5.013148
-14.161235
5.789954
-9.127594
13.049371
15.409745
-6.874087
-18.472990
14.368478
-1.725503
10.757774
11.135959
-4.302599
9.989848
-9.317599
7.114984
3.551578
0.754647
-4.918221
9.537630
9.840137
92.871084
-11.688213
8.798566
-12.105607
0.429262
-12.230581
-0.764005
-7.638513
13.433820
4.916053
-4.642387
-17.714954
-6.954604
-2.139390
-18.565230
9.506830
16.574352
6.122926
1.084849
0.585215
-1.042158
6.120420
10.615149
7.117172
12.834546
2.381976
5.621091
-7.375399
4.209215
-4.219511
2.807015
4.148482
10.536091
-17.014149
-16.265193
17.742992
-0.703362
-22.372777
4.529893
-7.538341
-4.586881
-0.482132
0.517511
3.089557
-13.184026
4.850497
13.907829
2.649136
-0.842920
-14.110558
-9.125368
14.227364
-23.813911
9.748942
-19.271707
1.049071
-5.700246
6.408096
3.580987
-2.143652
-3.044346
-1.351220
4.175808
-19.143583
-8.259929
10.237853
0.579923
3.195101
-3.365340
6.347865
-11.665080
8.823302
-11.877182
1.074499
-3.846281
-2.241524
0.031933
16.883127
15.841161
-6.475876
11.209148
6.366283
-14.599898
-1.549550
-11.099466
-3.427096
-5.041930
5.428609
-0.654392
-8.659579
-14.924555
5.091279
-9.909833
8.588403
8.725419
-6.830509
-6.023329
5.137327
4.363587
-2.006616
-11.688213
83.836260
-4.195384
0.178209
-3.707452
-10.998138
0.156008
1.815503
-22.763890
9.215763
21.418694
-5.307703
-7.491750
-5.655692
10.844708
-3.752951
-7.995719
3.249113
11.180473
0.556598
0.375352
-11.131533
-1.506054
-11.006563
3.316555
0.894199
-3.338729
7.732841
9.502637
-3.139843
4.019980
6.454397
4.682675
-11.341670
-9.813984
4.131725
-11.054663
7.447414
-2.337216
8.588028
2.290133
-11.376107
1.886911
5.173383
-21.933799
16.003011
8.946277
-1.009998
-4.778944
-3.658848
-6.035040
-17.387503
4.755117
-4.324946
25.543529
10.657396
4.171497
-0.010611
0.721740
5.959093
-19.330855
-0.399011
3.598853
-5.451951
6.202201
12.552548
-13.513512
-2.101316
4.152178
-11.621198
5.754487
4.443431
-2.774100
-10.583529
8.772424
7.866428
-5.637696
-4.623302
-11.239145
7.447990
3.940044
6.040033
22.171305
-3.395543
1.423825
-1.938361
11.489320
-2.243101
5.196404
8.724296
-2.406381
-1.635690
-0.991737
-10.596097
-2.278074
-1.249370
9.327380
-9.643774
10.580508
-25.234673
8.798566
-4.195384
90.214975
-10.142008
3.149707
-5.636841
-6.696525
-2.022561
-5.962621
1.643901
-1.392386
-3.286660
1.436148
-7.853253
18.315384
6.003418
3.738065
8.940148
3.979759
-17.059655
4.348937
-12.122171
9.190624
6.507749
-24.207744
16.570609
-0.252976
9.456465
8.892111
-29.041931
18.986193
12.526034
-6.140907
-0.891478
-8.228333
4.950575
-13.088384
14.069518
6.130711
4.748346
0.180037
12.637523
2.285381
-3.456178
1.859925
-8.284856
16.812137
-5.365190
11.228184
3.865597
-20.798525
-12.018544
-7.492753
-7.584202
1.809493
-7.228421
14.804586
6.775532
7.680766
13.411358
-13.536181
-12.547260
6.618997
-0.692650
-5.027002
-15.892137
15.891113
-16.947232
14.678215
0.183139
-3.831371
6.380059
-10.805650
-8.421469
2.522987
8.946690
2.307847
1.154141
-5.586092
-1.511372
-7.287268
6.915467
5.425872
4.560401
-17.253241
-7.105274
12.897445
1.561370
-17.479039
-4.305530
-6.625597
4.245941
4.838585
-2.329871
-6.252819
-3.619891
-14.759659
8.646996
-0.895703
26.382200
-12.105607
0.178209
-10.142008
119.396430
-11.165035
-13.193653
15.003969
12.569373
-5.121153
-13.876990
19.753125
20.248806
-20.386103
27.286900
-3.181542
0.423306
5.541487
-0.179087
-21.286708
4.627579
-14.276442
-2.676718
-15.080432
-1.242762
-6.894130
-22.153436
-13.126431
-3.267138
-20.215605
-3.976678
-1.513029
-14.744232
-5.699466
31.135875
24.551929
14.317961
3.980655
0.385427
-3.885206
16.037400
15.301845
-3.833361
11.032459
-1.535629
15.838524
-5.355002
-10.270710
4.071446
-5.434103
1.452395
10.596551
11.885397
-11.408385
-0.252244
1.863331
-5.241586
-5.503280
-13.323195
-16.478037
-4.506097
5.161808
6.002486
6.009493
12.711884
-13.864817
3.370647
-18.413313
3.227951
-9.081295
-15.455180
0.480981
24.948536
12.246435
9.268059
10.176913
-3.471610
-4.727518
-0.638251
-8.533140
-2.905210
-1.723294
-4.132473
-7.993365
12.761781
12.190036
-3.156565
1.566644
2.169500
11.139028
4.666113
8.790464
-12.138544
-2.547424
7.587874
2.408648
4.327022
26.035753
-8.671701
-11.744378
-3.587735
0.429262
-3.707452
3.149707
-11.165035
79.362047
-10.470371
-12.001974
5.350702
-8.090854
7.288714
-2.909239
9.785200
-2.914693
4.450854
3.519700
-4.012861
2.355556
-2.072574
10.728388
28.012427
-0.589970
-3.036008
-7.411139
7.381422
-4.022706
-3.817643
5.874913
-9.801049
-13.110006
-0.597368
10.727139
3.037362
2.319546
5.330439
6.099584
-9.803304
6.339080
0.714740
2.687594
-11.295172
-8.701206
10.249188
12.520753
-7.269262
1.839306
2.792832
13.476142
6.794977
7.842437
-18.011805
3.078672
4.252842
2.438923
-9.314565
-2.482354
-2.843060
5.250751
6.557744
-18.989894
10.386307
-10.644678
-5.177447
-1.482718
-6.259785
11.132132
3.604099
10.344049
4.014476
22.381206
-12.907734
3.220349
0.477595
20.601528
13.717667
8.931461
-2.897993
1.678981
9.563267
4.650193
-2.436636
-13.233419
4.710360
-5.996708
14.110421
1.171427
-3.499220
-0.377262
1.550201
2.907489
12.042514
7.717154
6.613293
11.519912
-5.031014
-16.112984
-7.189213
1.934473
6.788629
-26.426776
5.135870
-12.230581
-10.998138
-5.636841
-13.193653
-10.470371
97.320252
-0.905017
1.247528
-0.925503
-9.990753
8.095812
9.878755
0.254429
-2.672366
5.609157
8.292540
-14.905704
9.944578
-4.785853
-3.847776
-3.186490
-2.885622
1.870132
-6.738555
13.088996
-16.772666
-21.407751
11.157107
-9.273545
1.963003
-5.620772
-13.918209
8.498233
1.049259
-1.374937
2.186614
-7.408297
12.569217
-12.098488
13.023337
2.954592
2.502394
6.131036
-3.101024
7.586616
-11.968853
-12.068673
-4.977453
-12.208080
8.023151
14.550304
1.392910
3.335811
1.338249
18.819981
6.837782
13.104966
20.215068
3.703555
-13.272265
-8.043549
-3.993805
-7.993305
0.075566
-6.259563
-1.991666
7.994786
6.033688
-9.665218
22.500930
19.857500
-0.966331
-15.574882
-3.248415
-22.339192
4.234247
-16.418472
10.257952
-7.280049
8.227857
-20.098378
-15.682183
5.332819
9.549676
-8.884495
10.606492
-1.257185
0.901454
-14.883815
-5.785508
4.022819
0.042501
5.484246
-10.171802
0.446700
3.729069
-10.048574
6.880426
6.613506
2.704364
-0.764005
0.156008
-6.696525
15.003969
-12.001974
-0.905017
82.043114
-13.412041
13.955759
1.565402
14.201863
-7.057929
4.247411
-4.347622
15.505118
-2.887010
-7.119827
5.398792
7.898214
12.403905
-7.821045
7.680017
-18.248509
-0.147587
-1.621298
4.123682
7.524387
-14.615436
3.451028
15.500237
-3.119046
-0.986533
-8.089261
-8.348678
-5.283713
21.884412
2.327082
17.130490
20.075630
6.861829
-0.122436
7.506160
-9.508452
9.238901
0.082351
21.388602
-20.258423
1.004441
4.585307
2.687203
-6.629971
-9.630896
-9.167879
11.677031
7.510452
-1.587223
-4.804418
5.656542
18.347092
6.293322
-10.127501
-8.807959
-1.053421
8.228409
-17.532228
-9.599877
9.481875
-0.386965
-10.130044
3.845167
12.375399
-5.122753
3.179529
1.059197
3.176044
13.003790
-17.462573
-4.921663
-1.862270
-17.975232
19.141759
7.729900
-6.446236
10.397545
11.752811
6.396562
-18.213758
-10.554759
1.812595
5.882622
-18.125572
5.543263
10.325386
7.459794
-2.428797
-6.670000
3.308931
5.993110
-3.014426
-1.079420
-7.638513
1.815503
-2.022561
12.569373
5.350702
1.247528
-13.412041
85.130587
-16.085346
-21.818599
6.236279
6.804059
1.474960
1.802007
-13.587357
5.949452
-0.482154
-2.833580
-10.456113
15.831508
-5.869378
2.672688
-2.679726
21.189979
-1.565683
-7.816681
-4.699498
2.840394
2.981944
3.202253
3.649371
3.345300
-2.649027
10.475001
16.697774
1.764905
3.924442
-9.277917
5.748595
5.670638
13.621714
4.706198
11.671387
-6.991522
13.704960
-3.758213
12.061294
9.272131
-2.451766
4.532043
4.681626
1.118022
1.953160
5.568583
12.262845
-6.654286
5.184966
-19.084408
-10.688246
5.223447
14.088018
8.841192
-13.353299
1.254977
-5.146177
-3.509541
-5.154242
-8.860781
1.701217
3.304079
-5.161152
-0.461359
8.298283
15.235026
3.476140
-24.268440
13.646507
1.624075
-1.723017
0.843859
-20.928681
-9.809671
-7.363244
-8.222061
-3.380603
1.894933
5.081044
-18.607106
8.815226
-1.784337
10.528831
0.441086
9.817644
-6.756701
12.946408
0.202148
-7.881854
-18.340923
17.976558
1.882381
13.433820
-22.763890
-5.962621
-5.121153
-8.090854
-0.925503
13.955759
-16.085346
112.980578
11.334702
-3.371725
-19.729289
9.797119
11.602084
-1.599319
13.382693
-4.314433
0.025444
-12.598889
6.158611
12.094231
-9.998758
-10.632604
11.146956
12.908692
-10.076886
0.447694
-16.943526
-5.805352
18.720553
10.914570
2.704143
-16.019197
-22.581673
1.047698
-6.949519
2.878394
-13.005603
-2.180465
-14.283766
-2.516325
-3.594894
-18.306285
1.782411
3.100353
4.272089
4.797803
2.597942
-13.796350
0.245734
10.512637
14.793850
-3.519547
3.724515
-5.659828
12.211684
2.191097
3.434817
0.164472
-10.709595
21.297116
-13.191139
-7.255980
-0.597564
8.800372
-10.882126
6.046765
-7.103982
-12.293245
9.703041
0.246380
-23.329744
-12.627276
25.021444
-9.894599
3.903517
-1.022968
-4.196190
8.960915
-1.532960
34.053842
-7.321022
0.283219
19.955532
-16.664161
-2.415371
-3.399103
12.983921
0.587335
-0.666242
-7.686505
-5.133672
-14.624055
-2.137756
-2.967609
0.803815
4.306804
-2.579428
9.043821
-6.655219
4.916053
9.215763
1.643901
-13.876990
7.288714
-9.990753
1.565402
-21.818599
11.334702
86.735456
-6.129308
-3.128653
-7.231376
2.395620
10.690421
-12.463942
0.767188
0.359643
-7.411685
0.545559
13.402947
-11.247278
-5.408543
-5.191140
19.251949
-13.342340
10.345212
15.681935
-9.199557
-7.528073
16.901070
15.547511
-11.392642
-12.378332
-20.030472
2.393284
-6.695320
5.004880
16.776059
0.965781
-20.797382
11.180941
-12.661307
4.787000
-26.367739
-11.676881
4.751944
-12.444063
10.062949
4.018517
14.351988
-4.069061
7.494113
-2.610821
10.775548
6.739718
9.144230
-0.167174
-15.652657
3.758046
-21.302751
-0.505882
5.234385
-11.091044
28.610709
15.638672
16.039657
-18.601845
-4.808463
-4.945781
0.818237
-12.921231
-9.976969
5.957846
-2.310368
17.556131
-13.430907
-4.098754
1.378170
-9.380585
1.466887
7.296254
0.789770
3.524449
-7.073690
-7.820004
-7.238727
2.728920
-13.726794
-4.379079
4.617833
1.257524
-3.442205
0.626300
-2.133207
-6.249820
-6.063188
-7.633962
12.744190
9.035128
-4.642387
21.418694
-1.392386
19.753125
-2.909239
8.095812
14.201863
6.236279
-3.371725
-6.129308
115.427640
12.846113
2.921952
7.512877
2.721169
9.504049
-14.168961
-13.759913
-2.198951
-6.979525
6.177150
-12.624802
3.438259
2.517310
-3.833046
-20.297171
11.120148
3.202788
3.909059
-16.105919
-6.591719
-6.389040
0.238135
5.232659
2.445311
2.457684
-17.712002
4.870301
-7.860980
18.767345
7.583169
-1.708806
-2.842766
-5.414962
6.090280
4.827185
3.222589
20.064679
16.692670
8.820108
14.803032
14.925755
11.614199
-6.473255
47.142058
2.557942
-2.297231
-5.768460
5.202595
6.670634
9.943530
2.012925
-21.264262
3.150409
6.124795
-4.502728
-11.897284
0.183438
-0.344211
19.854327
-5.148406
4.008129
-2.996315
-4.624202
35.035489
12.763291
9.884472
6.464888
-1.459257
-10.392055
-14.599955
6.402691
-6.755698
15.601135
-1.428893
5.018345
-13.439683
25.229380
8.468785
-0.710848
-1.928355
-7.437534
-2.774321
-9.542196
-5.515111
-2.620328
3.851995
0.447240
-15.960261
3.002812
-17.714954
-5.307703
-3.286660
20.248806
9.785200
9.878755
-7.057929
6.804059
-19.729289
-3.128653
12.846113
90.107018
2.041573
11.630480
9.287719
-16.182132
-15.630109
-15.711435
-5.053745
-0.370861
-5.326398
-2.878191
-9.104326
-4.251139
-9.562514
-7.124842
-0.122711
-9.903412
-11.904121
-12.939120
1.239331
-0.006065
8.323523
9.928894
2.336781
-9.012499
-4.874605
11.031832
-8.287186
-7.555466
14.601838
0.720574
17.074069
3.777820
-10.550129
-25.059509
-5.491188
-3.195118
15.277100
8.341856
3.518413
11.047818
-0.953974
-0.320588
9.597758
-0.513937
-6.670202
-15.621921
-0.691547
9.844329
-9.651262
9.576459
4.799846
6.649106
5.148304
5.475601
5.520154
9.780086
-4.081412
0.737639
11.513345
-7.954793
-1.844005
-7.045644
6.473352
-0.505077
-3.068233
-2.537408
-3.524405
1.707766
-17.158549
9.398630
-3.601953
8.670481
-6.153063
-3.433330
3.184657
-0.491839
-2.410110
11.074035
1.659651
6.524199
3.481699
16.251931
-7.190117
8.421181
2.329030
-23.557866
4.430509
-24.235818
-6.954604
-7.491750
1.436148
-20.386103
-2.914693
0.254429
4.247411
1.474960
9.797119
-7.231376
2.921952
2.041573
104.294637
-4.512351
12.899923
27.337640
-6.842089
24.907300
6.517607
14.121771
-4.874816
-9.428292
-10.751135
1.829237
7.725035
20.655644
10.650596
-11.762085
16.088770
-9.859632
-5.463139
3.492829
3.294566
-6.352271
5.803108
-1.080692
-2.583726
-2.933471
-3.152960
-5.140054
-6.969498
12.412710
0.201003
-4.605177
14.004569
-8.781548
-2.014974
-7.337416
-0.969590
-2.999692
-4.793607
0.716935
0.135998
0.201446
-4.056594
-2.690564
7.708676
5.705066
-7.518418
11.681924
-2.330722
-14.458074
-6.579971
-7.466772
-24.880894
-6.121177
12.555567
23.000854
-7.309643
13.370466
-12.788349
-10.697750
-17.007449
9.837968
-9.845614
-5.743166
14.029832
-8.455597
-10.733054
-4.570061
2.908639
-9.757935
-3.358085
-0.969302
8.061817
-11.129373
10.379950
-10.092455
1.916616
-14.094490
6.490661
11.877606
1.804203
-6.074936
2.656881
-1.295484
15.693542
-4.709852
-8.859422
-7.188302
-2.139390
-5.655692
-7.853253
27.286900
4.450854
-2.672366
-4.347622
1.802007
11.602084
2.395620
7.512877
11.630480
-4.512351
100.227455
6.831292
7.453812
-2.856135
17.172268
-26.021009
17.927123
-14.950874
3.310839
-3.859072
-1.658536
-2.785968
-15.525531
-9.441192
-5.024742
-23.906609
-8.230363
9.197277
-11.387861
-9.303917
2.719773
-5.549944
3.524461
16.707590
-13.805569
-2.502572
-1.078998
-10.846674
-2.978798
4.230388
-0.226327
8.316064
1.755801
-1.305180
9.086893
-11.817548
-14.111061
6.323405
11.051454
1.986448
9.397019
-11.563755
20.292932
3.778236
-2.521739
-24.215534
-0.362258
-4.798902
-8.786530
-6.557028
4.683941
9.176165
10.065352
-11.581597
6.468723
-5.153745
-1.352552
8.835418
-8.527533
-0.623181
10.195101
-3.287967
-9.282039
-1.464792
-2.472383
-9.848357
0.738337
5.945770
13.410637
5.005327
-2.138440
-9.749671
-2.995344
-4.587156
2.781728
-8.104236
-1.820105
-17.425501
-13.356533
-11.963172
3.643041
-11.877682
-11.135708
11.079205
14.113152
-2.176396
1.829258
-18.565230
10.844708
18.315384
-3.181542
3.519700
5.609157
15.505118
-13.587357
-1.599319
10.690421
2.721169
9.287719
12.899923
6.831292
123.774834
-8.963030
-12.090768
5.072532
15.977387
8.518122
-10.773676
5.059867
-1.507831
-0.349218
-2.825847
-16.927641
-1.552038
-5.092331
7.032267
1.200865
-7.334690
-2.538673
-3.241760
4.178248
-5.175706
1.625134
-9.014171
20.960710
11.471729
16.171001
8.773925
3.146807
-7.786060
-10.073011
-12.454507
-15.994464
-4.045761
-10.580734
0.021232
-4.248766
8.599280
-24.921923
5.705276
0.190260
-6.481889
12.966682
6.966561
-6.881506
2.062764
-1.491403
-11.466292
-4.617074
-1.302920
3.094626
2.446937
-14.288072
-2.306410
-13.195144
8.283646
-13.455932
3.015428
3.521148
-7.225315
-1.866538
0.374777
1.087667
6.023885
5.676746
21.534333
-1.469011
-0.435109
7.782014
3.618672
3.123521
8.843525
-1.179108
1.633746
3.826607
19.678172
-1.102946
-16.170028
0.451658
2.880528
11.757150
-3.117804
-0.774202
8.071246
14.001996
19.456299
9.278196
9.506830
-3.752951
6.003418
0.423306
-4.012861
8.292540
-2.887010
5.949452
13.382693
-12.463942
9.504049
-16.182132
27.337640
7.453812
-8.963030
119.169484
-5.226888
20.446794
-0.486152
-11.463725
8.335558
-0.966491
3.928747
-0.089850
14.836468
6.962543
-7.673464
6.690797
-8.906376
-19.797151
-6.853317
-19.013316
6.041806
-0.307279
11.297059
-9.658279
6.494111
-31.612582
8.504320
-7.680899
-30.193675
6.720795
6.479573
-17.667890
17.143019
0.881948
16.107512
-1.324305
-1.285561
-4.396523
6.044038
10.240074
-7.889962
21.681633
-0.623983
-2.891002
13.127790
17.120649
-15.326916
-9.834931
11.336849
-29.732363
6.372471
11.032823
-7.010609
9.010599
-14.522195
-1.852315
12.561085
7.328197
-14.452855
-10.132758
1.107350
17.514232
-9.366777
3.235265
-2.820284
8.064802
6.321262
10.182847
-6.043357
-15.571537
-9.807094
-10.224877
9.906364
-10.812612
-4.408305
5.500921
-4.844019
2.047642
-10.179543
-1.830189
-14.926183
-6.580225
14.379182
-4.427569
3.491361
-0.091947
-4.879379
-5.697609
16.574352
-7.995719
3.738065
5.541487
2.355556
-14.905704
-7.119827
-0.482154
-4.314433
0.767188
-14.168961
-15.630109
-6.842089
-2.856135
-12.090768
-5.226888
95.383913
12.236728
-13.285538
-12.344910
-2.538400
8.490524
2.111225
3.844545
8.446599
-5.165084
2.175936
18.214066
7.863179
-5.207117
-8.541815
11.564568
10.572127
-3.987049
3.687642
4.915490
8.409092
-8.063809
-3.761727
11.786925
-0.111397
-7.224258
3.322433
-0.672056
-10.798428
7.459960
-4.988902
-4.210879
-13.367442
0.578968
14.472259
-8.984315
6.768543
-1.761387
-7.608061
-9.479108
-2.954073
-10.299060
-4.763546
19.780590
11.284855
-5.555697
8.116327
-1.036330
-3.411196
5.189994
4.924878
1.199381
-3.695323
-26.222635
-4.251105
28.630537
-1.192511
4.226550
14.328367
2.416219
-7.574802
5.238894
-4.432165
-14.632330
-7.807600
8.405093
-6.393550
-3.621552
17.004984
-12.536846
8.524503
2.131326
-16.726390
-2.855504
-3.956864
26.224612
13.555300
5.670040
7.738850
-5.009408
7.300219
12.670246
-17.234214
-1.733462
6.122926
3.249113
8.940148
-0.179087
-2.072574
9.944578
5.398792
-2.833580
0.025444
0.359643
-13.759913
-15.711435
24.907300
17.172268
5.072532
20.446794
12.236728
101.643112
-8.764568
-15.743227
-3.142191
-5.793995
-5.276804
5.979020
5.903246
8.094091
9.507977
2.218886
3.758161
2.957290
9.227277
0.508536
11.942348
-2.959592
-22.998844
17.853179
8.847023
-5.099929
-3.691956
2.015497
-5.724487
-5.490154
2.572691
-2.033294
3.624961
-1.035871
-13.549747
-6.364158
3.064216
-18.417318
0.402378
-18.129707
-1.374857
12.026960
-18.273467
10.395718
12.058065
14.059842
-4.130209
-4.664856
-8.751012
-19.089490
0.565745
-10.965547
-7.867852
2.613704
10.805790
-7.051890
6.815813
-14.213478
0.299157
-6.997635
-9.069634
-9.354237
-11.242943
11.955920
-3.836219
-5.964613
-14.834137
5.016209
1.558399
1.547885
-0.778753
5.650964
5.411331
-22.709378
5.565289
-2.841252
13.019777
15.201705
2.648202
-2.898019
-13.324149
-1.752767
4.500871
-0.846248
-1.963639
-2.478959
-1.651872
-6.957789
1.084849
11.180473
3.979759
-21.286708
10.728388
-4.785853
7.898214
-10.456113
-12.598889
-7.411685
-2.198951
-5.053745
6.517607
-26.021009
15.977387
-0.486152
-13.285538
-8.764568
88.185908
-3.325396
9.711781
0.949157
-4.277579
-4.326322
-9.443137
20.418957
1.772345
-2.070264
11.411104
-10.083927
-1.229986
-8.674882
18.074346
6.570855
7.132741
-13.795485
0.963435
1.395654
-0.951742
-5.358072
-1.797599
-3.248002
-6.232341
0.019440
-0.236316
5.878763
0.241924
0.562203
-2.480261
-11.218216
-4.991430
-5.530097
10.703832
-11.610147
6.959622
5.909750
0.258737
13.291700
11.647510
9.467946
-25.183492
11.233755
-9.566910
-6.665287
0.695652
1.700433
-5.031114
7.632675
3.349034
-4.521470
-8.256617
-16.440012
-2.565072
3.469002
8.761745
2.908001
-18.901500
1.447905
1.841549
0.575582
-5.324278
-5.240824
8.805576
-2.459063
15.995186
-14.458362
8.051893
3.379783
6.968063
1.541993
-9.319638
2.008786
0.384466
13.286280
4.263937
9.213233
20.689748
-15.861639
-8.231977
-9.397742
0.585215
0.556598
-17.059655
4.627579
28.012427
-3.847776
12.403905
15.831508
6.158611
0.545559
-6.979525
-0.370861
14.121771
17.927123
8.518122
-11.463725
-12.344910
-15.743227
-3.325396
105.914894
-19.344720
8.416256
-3.425947
7.744564
5.903380
-7.165080
2.667681
-15.445346
-5.491029
13.592172
6.959112
8.310109
1.931081
-5.338243
-2.424158
13.267612
-6.467702
1.622265
15.583192
-22.732543
-0.252879
3.506319
3.776698
-9.702582
-0.884821
0.207471
6.713609
6.471489
-6.895353
-6.411334
4.419763
2.188290
4.052301
-4.700052
-4.339136
14.730229
5.772459
1.532209
-19.662723
15.466927
-22.876627
2.745717
-6.118629
-0.551653
-7.072653
-0.202629
-4.934550
2.513622
0.836888
-4.154111
1.468616
-14.445096
6.511380
23.528745
-16.383148
-4.926390
1.185432
8.466415
-2.784755
-5.404767
-5.620352
-2.527478
1.312837
6.200190
-6.657877
13.169745
-7.567890
6.314394
5.447289
9.238277
-9.082151
1.655872
-13.469320
6.112230
-3.884128
-11.658838
-4.944030
-6.816674
8.888328
4.229363
-1.042158
0.375352
4.348937
-14.276442
-0.589970
-3.186490
-7.821045
-5.869378
12.094231
13.402947
6.177150
-5.326398
-4.874816
-14.950874
-10.773676
8.335558
-2.538400
-3.142191
9.711781
-19.344720
86.930052
-10.421008
6.510110
1.108092
-2.965874
1.816568
2.272046
-8.339384
-13.238014
-7.391174
4.881414
7.349947
6.299187
-11.047724
-6.534700
-20.024280
-1.940972
0.959523
11.307137
4.304756
-14.756405
3.065780
9.259310
-0.539296
1.216238
2.361463
-4.215174
-3.601479
11.152491
7.502344
10.782753
-12.107693
-1.794798
-12.099170
13.201656
-15.862886
10.034832
-1.869975
-5.699471
12.098065
21.476710
1.698752
-2.759680
9.486583
10.356962
-5.193353
-4.869794
-11.371759
-6.858747
-4.706419
3.920882
-2.742967
-2.216545
-13.255871
8.983196
21.430527
9.677639
10.484633
12.281297
-0.716643
-10.142245
-6.681231
1.343697
-2.079981
-4.694871
-11.475883
-18.714215
26.846489
5.570918
3.793472
-4.396038
-0.311936
0.000905
-6.906612
-6.395960
-11.236066
-3.323560
1.856161
14.511599
-5.699855
6.120420
-11.131533
-12.122171
-2.676718
-3.036008
-2.885622
7.680017
2.672688
-9.998758
-11.247278
-12.624802
-2.878191
-9.428292
3.310839
5.059867
-0.966491
8.490524
-5.793995
0.949157
8.416256
-10.421008
65.640679
10.154669
-1.478484
3.996397
-3.068836
-5.370828
-9.654083
-1.429684
4.535253
-12.957113
5.016134
-1.379937
6.668018
1.790434
6.686667
1.367536
-11.919704
6.268435
-0.258293
8.224028
-1.106751
-4.531133
8.688574
0.176645
0.218840
-2.412400
6.005729
-7.708794
-12.874202
-12.794444
6.080424
15.196875
3.680153
-4.565404
-3.063828
2.671629
-11.204100
11.124765
-0.141660
-1.292943
-2.535724
-1.994611
-1.508153
-5.151631
5.870686
-11.370878
-12.889449
-0.529099
7.315603
6.651545
9.392502
-4.377432
14.480258
4.622537
0.341855
-3.780089
6.214972
9.402956
-6.839524
16.444316
4.596884
-13.039105
-5.686337
0.731679
5.883382
-11.484516
-1.856965
4.565856
15.018594
16.346095
14.665683
6.094084
-1.475621
16.170864
-8.860365
5.130788
-10.144968
6.617245
7.171842
10.615149
-1.506054
9.190624
-15.080432
-7.411139
1.870132
-18.248509
-2.679726
-10.632604
-5.408543
3.438259
-9.104326
-10.751135
-3.859072
-1.507831
3.928747
2.111225
-5.276804
-4.277579
-3.425947
6.510110
10.154669
92.266649
4.673912
-0.025563
-5.026303
-6.858116
19.344664
12.901553
10.354284
-5.006081
-9.924832
8.126843
-1.617472
-17.154718
25.252460
-0.869228
-6.388220
8.774451
-10.783043
-10.696292
6.464445
-0.455648
-13.021590
-4.012779
10.158585
5.055825
3.142088
2.484293
2.338652
-15.326488
-3.332691
3.396724
7.926463
-16.226218
-3.506009
9.312410
3.825777
-0.946088
-8.534586
10.835398
10.346414
-2.345265
6.135200
6.400003
-2.065957
-19.356947
-18.279421
-10.175334
0.562136
-1.783172
-0.369699
-3.874023
-6.165404
8.171188
-2.881782
8.151755
5.966975
4.864264
14.200295
3.004952
20.133616
5.046987
-4.819588
-5.952292
-4.618566
-7.912163
3.888613
9.112694
0.632922
11.371191
-1.413875
-6.383601
2.045325
-3.331719
11.563852
2.095579
-4.741328
6.747213
2.541313
7.117172
-11.006563
6.507749
-1.242762
7.381422
-6.738555
-0.147587
21.189979
11.146956
-5.191140
2.517310
-4.251139
1.829237
-1.658536
-0.349218
-0.089850
3.844545
5.979020
-4.326322
7.744564
1.108092
-1.478484
4.673912
86.091455
10.374143
6.715774
1.735170
-11.593453
13.546447
8.332566
15.553938
-3.493275
-7.392999
2.839737
-14.306796
-0.635300
-5.035385
6.520155
10.152974
-3.291504
12.973374
-3.760539
1.169152
-6.948006
10.574647
4.928390
5.115064
18.021937
-15.913886
-6.487677
-11.287995
-5.651347
8.749141
-9.302821
15.901968
-7.727925
-6.588843
0.290676
-16.341264
11.425666
3.982332
-4.427504
11.421906
6.993344
16.357846
-11.282435
8.997056
-0.922443
-24.872637
-4.854235
-4.221041
-10.443734
11.568209
-6.666896
9.137256
-16.042203
17.134744
3.489130
5.811982
-8.798345
-3.207305
-10.014264
-8.615216
5.129132
-21.821700
-8.053290
1.722359
-13.929483
6.046723
7.475545
-7.901443
8.837628
4.057353
2.999022
0.262683
3.576781
1.921805
2.899266
10.539746
3.507397
12.834546
3.316555
-24.207744
-6.894130
-4.022706
13.088996
-1.621298
-1.565683
12.908692
19.251949
-3.833046
-9.562514
7.725035
-2.785968
-2.825847
14.836468
8.446599
5.903246
-9.443137
5.903380
-2.965874
3.996397
-0.025563
10.374143
104.286546
-4.804327
-1.148417
-3.529589
-8.135243
-1.424696
9.003216
14.726492
18.543281
2.825179
-5.393213
22.064122
3.787221
-9.809203
7.928728
-14.096792
-10.154268
4.864535
-2.986244
14.823960
8.926036
-4.715848
-14.114756
-5.986872
-11.315642
7.718103
10.075083
5.907781
11.218529
0.772352
-9.799135
19.705158
4.226673
-1.578453
-30.235233
-3.945617
-9.407331
0.734403
-7.326095
-5.854469
14.474987
16.840833
8.435979
14.828078
-3.418709
14.978503
-7.268465
-6.882342
3.125223
3.588588
-3.693191
10.444048
1.978590
13.458864
7.514328
7.652341
4.583848
-27.693821
-18.337259
2.448109
13.775571
2.345284
-12.809594
-5.715841
4.257921
5.911722
18.089067
1.707117
7.649602
5.069646
-0.960861
31.986555
-12.769167
-5.011417
9.778048
-20.966857
2.381976
0.894199
16.570609
-22.153436
-3.817643
-16.772666
4.123682
-7.816681
-10.076886
-13.342340
-20.297171
-7.124842
20.655644
-15.525531
-16.927641
6.962543
-5.165084
8.094091
20.418957
-7.165080
1.816568
-3.068836
-5.026303
6.715774
-4.804327
93.425462
15.426696
-0.210538
15.014013
-19.807936
-2.003282
3.098685
2.054240
-12.127194
0.765545
10.052172
-3.021050
-4.496192
-6.430336
-21.321466
-13.992713
-5.006143
-4.968918
-2.365140
13.058172
19.334424
3.852495
3.187486
3.968394
-27.201269
-0.550249
-5.152853
3.621704
-9.260447
-5.922985
-7.151779
5.821137
26.752434
4.226325
0.502717
1.435475
5.496393
11.390323
-15.172229
-3.268221
-7.572296
6.215127
8.207881
12.496917
11.376692
-14.404134
-24.701421
0.893324
-9.925162
8.498030
15.065281
6.646331
-0.510235
-6.210513
-6.246727
7.592160
3.822732
-19.061863
2.871643
-7.723471
-1.331286
5.165653
-12.665631
11.519782
-9.181063
-5.941836
-2.633443
5.714288
-7.946715
10.479920
8.217311
-5.236929
9.804206
9.729565
11.802506
5.621091
-3.338729
-0.252976
-13.126431
5.874913
-21.407751
7.524387
-4.699498
0.447694
10.345212
11.120148
-0.122711
10.650596
-9.441192
-1.552038
-7.673464
2.175936
9.507977
1.772345
2.667681
2.272046
-5.370828
-6.858116
1.735170
-1.148417
15.426696
92.816149
8.410555
-4.796520
4.691931
18.207155
14.516936
6.056937
1.249882
3.244977
4.480804
9.315451
11.465400
14.554124
-6.498729
7.032349
2.015332
7.000140
-5.650114
-20.716865
13.451887
-2.960528
13.378161
25.131154
-4.655619
-7.976934
-5.918833
30.558532
-1.894235
-3.162907
-4.332902
13.133771
-7.746304
-0.833398
9.021977
-7.824526
2.210976
-8.775588
-4.143612
-3.824574
-7.163310
10.001861
4.351543
6.963127
2.459106
-9.798279
-0.001402
18.572219
-16.650055
-0.296298
6.121853
8.207027
-14.871362
11.709234
-1.309824
-3.818222
-2.767430
-11.503576
-2.921044
8.425242
1.533251
-6.356732
10.359777
6.426913
-5.206016
-14.593380
27.557743
-0.183522
-9.027717
-0.835144
-10.351165
-9.103981
6.631221
-13.259501
12.171451
-7.375399
7.732841
9.456465
-3.267138
-9.801049
11.157107
-14.615436
2.840394
-16.943526
15.681935
3.202788
-9.903412
-11.762085
-5.024742
-5.092331
6.690797
18.214066
2.218886
-2.070264
-15.445346
-8.339384
-9.654083
19.344664
-11.593453
-3.529589
-0.210538
8.410555
95.825764
21.863874
-11.418526
-1.994842
7.927568
-6.579111
10.392455
18.445322
7.174542
3.148788
-9.484192
-7.102517
11.331732
-4.002157
-9.459843
-0.480326
-27.700682
-15.894903
3.450417
-0.472693
-3.662832
5.016017
7.016478
3.525683
-4.919504
27.780647
3.505653
4.082802
-6.677688
8.014999
20.173146
-12.117994
-10.453112
-4.265811
-1.813120
-1.044574
-15.667516
1.242241
3.402978
-4.407293
-2.434757
1.012718
2.224834
-0.955537
-3.398961
-7.996894
-5.848651
-7.054730
-0.171679
-2.792304
7.662697
-4.360251
-14.467790
-17.738249
11.752114
5.384114
-7.108037
18.414227
-6.692145
10.083570
10.853872
1.064470
-7.090309
-0.030027
16.516307
-6.684783
-12.287481
9.805961
-3.703700
-13.294971
-5.476662
10.003995
-6.927439
4.209215
9.502637
8.892111
-20.215605
-13.110006
-9.273545
3.451028
2.981944
-5.805352
-9.199557
3.909059
-11.904121
16.088770
-23.906609
7.032267
-8.906376
7.863179
3.758161
11.411104
-5.491029
-13.238014
-1.429684
12.901553
13.546447
-8.135243
15.014013
-4.796520
21.863874
105.101278
3.871725
-18.466513
6.138347
4.279282
-11.114773
-8.648169
13.205979
-4.235900
-12.521589
1.843259
-17.195026
0.152199
0.245083
-2.836270
-15.768318
7.847784
4.632609
0.896687
4.429328
9.234693
-7.860899
-13.398988
-18.994272
-8.436860
-6.745849
-7.614784
2.927811
-13.209695
9.802619
7.469772
7.190642
12.153094
17.242451
-8.073998
-18.732068
-16.535681
-4.795156
-2.324464
7.146669
-5.997485
0.320825
-8.210901
8.871372
-17.572519
4.082621
9.299598
-11.344131
-5.705907
-4.845488
-15.507733
-22.447159
12.618423
4.376396
-0.181819
-4.195232
0.169088
-7.346371
-0.974585
-2.367704
-9.696767
4.488570
-4.533287
10.542843
5.661405
-11.614166
14.401366
-11.364888
-7.898800
-1.953980
-16.744557
16.315635
-4.219511
-3.139843
-29.041931
-3.976678
-0.597368
1.963003
15.500237
3.202253
18.720553
-7.528073
-16.105919
-12.939120
-9.859632
-8.230363
1.200865
-19.797151
-5.207117
2.957290
-10.083927
13.592172
-7.391174
4.535253
10.354284
8.332566
-1.424696
-19.807936
4.691931
-11.418526
3.871725
101.279619
0.117458
8.287625
-3.570082
11.751669
-0.686931
17.229022
4.112140
6.422661
23.857888
-0.586264
-5.638007
-2.972408
10.743211
3.696562
8.005404
-0.412520
-17.783905
0.360845
-14.592155
9.106532
-14.547860
-2.026661
8.324921
5.752803
15.383159
-2.597654
6.088552
2.059425
13.514010
-0.653999
11.167716
12.179245
-6.790954
16.801028
-11.064589
-11.414156
-12.581569
19.933315
-15.622395
-0.622216
17.384697
-5.943661
3.407188
17.179667
-18.224498
-23.522016
13.266544
-10.656989
2.522145
8.092250
15.906659
-1.670936
4.219161
-11.809823
9.100596
13.594880
3.983860
1.939543
19.524512
12.641968
-1.475384
10.765933
-6.430913
-2.279098
-0.566731
3.572684
-16.946639
-1.615221
2.309786
3.346490
2.807015
4.019980
18.986193
-1.513029
10.727139
-5.620772
-3.119046
3.649371
10.914570
16.901070
-6.591719
1.239331
-5.463139
9.197277
-7.334690
-6.853317
-8.541815
9.227277
-1.229986
6.959112
4.881414
-12.957113
-5.006081
15.553938
9.003216
-2.003282
18.207155
-1.994842
-18.466513
0.117458
100.269140
11.533891
-12.481375
8.950171
-26.023152
-6.865933
-0.092370
21.580660
4.893875
-0.188868
-4.150544
1.472102
-11.722520
9.622225
-12.298071
-10.112192
-6.428839
15.424809
20.145976
-0.523908
-3.714978
-4.329396
22.715929
-12.086009
4.111839
18.857611
10.710425
18.933470
-19.902240
-1.822667
-28.743852
3.293518
-12.004893
-6.671073
11.110727
15.180628
2.322546
-15.531151
4.207284
3.612596
-10.702817
-3.267441
-1.549994
2.964826
-15.628517
-2.982444
6.859576
6.160473
15.671591
2.473246
-2.568858
-20.170782
2.329179
2.588306
-11.723060
-20.638398
-9.400179
7.051276
-4.364820
-8.547532
-12.974723
6.819485
5.052804
-1.699905
3.050706
0.140720
3.462218
-12.164656
6.597727
-0.033893
4.148482
6.454397
12.526034
-14.744232
3.037362
-13.918209
-0.986533
3.345300
2.704143
15.547511
-6.389040
-0.006065
3.492829
-11.387861
-2.538673
-19.013316
11.564568
0.508536
-8.674882
8.310109
7.349947
5.016134
-9.924832
-3.493275
14.726492
3.098685
14.516936
7.927568
6.138347
8.287625
11.533891
93.601797
0.507262
2.298069
-3.119228
6.608851
-10.379383
13.573896
0.738994
-12.309300
-8.443064
3.586905
4.351899
6.327636
-11.312929
-3.217117
8.058319
1.764335
-17.140939
5.130859
-5.368929
-9.130103
-1.200598
-14.145949
-11.792135
6.781899
0.263038
2.009645
-12.615857
-1.285398
-5.974346
-1.065209
-8.097884
-2.083030
7.681445
7.467007
13.514914
-1.702126
7.882093
5.034247
6.506229
-1.145942
-13.159496
14.061079
-3.090292
-2.394112
9.809041
-1.510272
7.342447
-5.983150
4.396860
19.944494
7.320649
-0.127113
-3.752480
7.294040
13.717782
0.161183
4.081306
-2.373952
-14.221453
-11.824252
0.603347
10.999840
10.445931
10.791062
6.044377
-6.825424
6.617132
3.277135
10.536091
4.682675
-6.140907
-5.699466
2.319546
8.498233
-8.089261
-2.649027
-16.019197
-11.392642
0.238135
8.323523
3.294566
-9.303917
-3.241760
6.041806
10.572127
11.942348
18.074346
1.931081
6.299187
-1.379937
8.126843
-7.392999
18.543281
2.054240
6.056937
-6.579111
4.279282
-3.570082
-12.481375
0.507262
86.209786
9.142036
-0.209508
12.474055
6.604806
-5.181320
6.824415
-9.355611
-8.728656
-3.712280
11.643842
-4.967794
-0.992008
2.623971
5.877831
1.920102
-9.464121
-9.315875
-4.535523
-2.035797
7.093139
-0.932185
-19.871232
4.958529
18.007236
-8.479759
-5.158238
2.622266
-1.926972
8.297672
-1.224794
-11.776071
6.979778
-2.064547
3.334160
13.659288
-8.144329
1.999724
-6.228739
4.159608
4.803471
1.208666
-4.742673
5.005088
-9.226210
13.243195
0.102263
-1.968746
-5.569893
3.490271
11.937086
0.894036
9.725808
-4.591314
-15.455502
7.670242
8.077584
-2.584911
-7.495408
-8.748256
-5.951759
16.106149
-14.497292
-1.741089
-7.744897
2.235393
-3.306757
16.015772
-17.014149
-11.341670
-0.891478
31.135875
5.330439
1.049259
-8.348678
10.475001
-22.581673
-12.378332
5.232659
9.928894
-6.352271
2.719773
4.178248
-0.307279
-3.987049
-2.959592
6.570855
-5.338243
-11.047724
6.668018
-1.617472
2.839737
2.825179
-12.127194
1.249882
10.392455
-11.114773
11.751669
8.950171
2.298069
9.142036
101.192364
15.691105
9.329082
9.676605
-4.205847
-4.504177
9.408664
-2.323408
12.497123
14.003885
2.320453
-1.760414
-2.369086
-8.531052
5.991937
4.102494
9.220352
-0.922628
18.780184
14.664877
-17.007164
4.559013
-17.266610
10.275462
3.593288
-10.361366
-0.336783
-0.482933
9.375623
-21.568381
13.535296
8.465219
12.685464
-21.880911
10.624380
-5.366180
4.101378
1.756655
2.277958
6.409541
3.234823
4.081384
-4.099468
10.230099
1.187284
1.899214
-1.791513
-20.456067
-7.562346
-2.820143
-10.835725
24.787390
7.849955
-9.695772
4.383932
0.243428
-11.985025
0.035581
2.311223
6.446411
4.998367
5.793699
7.481886
-4.249117
0.706075
-3.913139
14.729468
-16.265193
-9.813984
-8.228333
24.551929
6.099584
-1.374937
-5.283713
16.697774
1.047698
-20.030472
2.445311
2.336781
5.803108
-5.549944
-5.175706
11.297059
3.687642
-22.998844
7.132741
-2.424158
-6.534700
1.790434
-17.154718
-14.306796
-5.393213
0.765545
3.244977
18.445322
-8.648169
-0.686931
-26.023152
-3.119228
-0.209508
15.691105
137.740966
-15.745430
11.845857
-36.804718
-0.721912
7.947321
-6.499851
2.118355
9.730171
-9.034854
13.028957
-4.619554
11.582214
13.182656
-9.823223
14.677732
4.289233
10.321361
2.978700
-1.931208
-3.768834
-20.832981
4.160360
10.984011
-3.827478
-9.482069
-11.393144
-4.737625
-2.066615
12.996117
-28.951705
-2.049700
-10.234372
1.475787
1.474493
-2.484905
0.405552
16.833609
20.512540
3.354925
-3.273281
-0.954515
-18.006824
6.417759
-10.648865
-22.148494
-8.093063
16.896351
-6.125378
-5.026474
34.137133
-1.284993
7.463229
-4.721154
-3.103751
8.872800
4.950143
5.582854
7.566830
4.283554
7.695006
10.760445
5.803405
1.660711
3.604753
-9.892913
17.742992
4.131725
4.950575
14.317961
-9.803304
2.186614
21.884412
1.764905
-6.949519
2.393284
2.457684
-9.012499
-1.080692
3.524461
1.625134
-9.658279
4.915490
17.853179
-13.795485
13.267612
-20.024280
6.686667
25.252460
-0.635300
22.064122
10.052172
4.480804
7.174542
13.205979
17.229022
-6.865933
6.608851
12.474055
9.329082
-15.745430
123.978522
9.591756
3.806965
18.899507
-8.184364
-2.466635
13.112830
8.767008
-15.435528
8.362965
21.304829
-13.870263
3.784753
-18.108563
4.272103
2.477494
4.266935
-3.180514
-6.702851
-0.895485
-14.692146
11.091190
0.175451
0.626020
4.189707
4.758422
1.581781
1.616583
-9.727069
0.027221
-6.080562
-12.127460
11.916938
-1.923757
29.460324
-9.852707
7.754617
-13.133941
-0.112779
10.670600
-0.866614
-13.404412
2.114925
-7.457251
-7.512185
2.027897
9.817967
4.005876
0.913750
11.729400
-1.882774
-6.631886
-8.574347
10.866826
-10.657925
-3.233074
-11.746999
-5.599385
6.281997
2.934759
-11.145455
-4.157012
27.442053
-1.424050
19.115743
-0.703362
-11.054663
-13.088384
3.980655
6.339080
-7.408297
2.327082
3.924442
2.878394
-6.695320
-17.712002
-4.874605
-2.583726
16.707590
-9.014171
6.494111
8.409092
8.847023
0.963435
-6.467702
-1.940972
1.367536
-0.869228
-5.035385
3.787221
-3.021050
9.315451
3.148788
-4.235900
4.112140
-0.092370
-10.379383
6.604806
9.676605
11.845857
9.591756
91.840099
6.073468
2.745364
1.265966
-1.266717
0.995116
5.286059
-5.557104
-0.496000
5.953744
-2.398622
4.600547
-11.374340
3.907157
-11.626335
4.494733
16.948486
12.614869
-22.790180
-4.257961
13.408366
0.328774
-9.573961
-5.654750
-0.512403
1.982945
0.278108
-11.801865
-5.417277
4.506294
-9.918804
11.792348
-9.430698
-11.840437
-3.512230
0.637578
33.686201
-17.831728
5.547275
-11.474944
-16.364772
-7.132302
-4.367946
-4.903539
4.198424
4.389139
-0.157569
1.476366
8.973715
-17.239330
1.045544
0.658217
-11.099255
2.134458
-1.564460
-14.904853
-4.276570
-7.299865
-7.598972
-0.157690
1.674532
-7.672382
-6.324470
2.202631
-22.372777
7.447414
14.069518
0.385427
0.714740
12.569217
17.130490
-9.277917
-13.005603
5.004880
4.870301
11.031832
-2.933471
-13.805569
20.960710
-31.612582
-8.063809
-5.099929
1.395654
1.622265
0.959523
-11.919704
-6.388220
6.520155
-9.809203
-4.496192
11.465400
-9.484192
-12.521589
6.422661
21.580660
13.573896
-5.181320
-4.205847
-36.804718
3.806965
6.073468
89.459720
10.823075
16.415498
10.396116
7.652387
-5.337695
3.065062
-15.358589
-15.420557
-14.207032
7.410451
6.021946
14.345713
-15.123699
-21.579738
14.034257
-8.777934
14.752819
3.950107
-2.958175
-4.099253
8.148280
4.684013
-15.778167
0.304187
0.665404
3.615158
9.951073
-0.599731
29.743372
0.940523
-7.581567
-7.679818
11.417218
2.771090
8.312394
-24.027224
6.158370
-11.206035
0.868812
-16.675491
6.919938
8.634932
-0.651875
-17.206435
23.796071
4.983446
-14.770701
9.849358
18.337916
-13.657388
-1.635331
-10.719168
-2.858941
-10.121258
-3.778546
-2.774790
4.190720
-3.705496
14.781785
0.233737
1.960304
-3.844009
4.529893
-2.337216
6.130711
-3.885206
2.687594
-12.098488
20.075630
5.748595
-2.180465
16.776059
-7.860980
-8.287186
-3.152960
-2.502572
11.471729
8.504320
-3.761727
-3.691956
-0.951742
15.583192
11.307137
6.268435
8.774451
10.152974
7.928728
-6.430336
14.554124
-7.102517
1.843259
23.857888
4.893875
0.738994
6.824415
-4.504177
-0.721912
18.899507
2.745364
10.823075
98.084748
-18.405299
1.040296
18.982824
4.491972
-0.979063
0.382054
-9.619463
-6.281730
9.445634
7.921725
11.693595
-19.839533
-3.639566
3.934699
9.825207
4.518392
-0.446780
8.270561
-0.448830
3.392736
19.774843
-13.982234
4.352770
12.725875
4.300347
-2.250753
-11.525669
15.742062
0.059397
-1.803499
5.105105
4.005421
-4.209160
-3.086791
4.265367
-6.720285
0.826061
9.040533
0.025029
4.875679
3.055074
1.835114
-2.345245
9.667788
-14.464081
2.032730
-0.406570
-12.145429
-16.518905
-11.485929
-8.368408
-4.608849
-10.282961
-18.972065
0.404749
-11.800213
-8.333446
-7.474994
2.787651
13.687785
1.092184
-7.538341
8.588028
4.748346
16.037400
-11.295172
13.023337
6.861829
5.670638
-14.283766
0.965781
18.767345
-7.555466
-5.140054
-1.078998
16.171001
-7.680899
11.786925
2.015497
-5.358072
-22.732543
4.304756
-0.258293
-10.783043
-3.291504
-14.096792
-21.321466
-6.498729
11.331732
-17.195026
-0.586264
-0.188868
-12.309300
-9.355611
9.408664
7.947321
-8.184364
1.265966
16.415498
-18.405299
130.879276
13.921978
-3.856539
-0.268651
-17.206547
16.268284
-2.020593
-14.113261
-7.250786
-10.192890
7.745336
4.650111
-14.105345
7.781349
-5.568044
17.121138
-16.764245
-7.357615
-7.574978
5.962699
-0.184497
0.391199
-14.450541
4.963179
6.046312
-5.787498
7.840492
-14.907568
-11.415788
-31.075762
5.380735
13.688330
15.370626
27.268727
-11.989581
1.127400
-11.050790
2.771380
-6.810567
14.810528
-10.445241
-14.352161
-10.842884
-3.278508
-0.380511
2.534606
14.098059
14.183156
-4.676338
0.921623
-11.320647
16.963747
-5.662694
-1.661047
5.584935
-4.343590
-1.060350
12.019531
5.233195
-11.182531
7.864814
-4.586881
2.290133
0.180037
15.301845
-8.701206
2.954592
-0.122436
13.621714
-2.516325
-20.797382
7.583169
14.601838
-6.969498
-10.846674
8.773925
-30.193675
-0.111397
-5.724487
-1.797599
-0.252879
-14.756405
8.224028
-10.696292
12.973374
-10.154268
-13.992713
7.032349
-4.002157
0.152199
-5.638007
-4.150544
-8.443064
-8.728656
-2.323408
-6.499851
-2.466635
-1.266717
10.396116
1.040296
13.921978
98.303362
8.889893
-2.944422
2.752900
-2.218862
12.187402
-5.509770
-11.057480
-2.624894
-7.416964
-14.724569
18.041866
19.169253
-1.130410
-3.209168
-4.487959
-11.057252
-17.075384
14.605269
-2.576634
1.407205
-8.631319
11.077363
-7.316765
-15.548500
-13.257383
6.801140
-4.636782
-13.223346
6.964587
1.726076
4.117036
-2.449593
-8.501488
8.607388
-3.314394
10.366563
1.323501
-3.631097
14.909337
-14.272647
-11.681645
-6.885747
7.698668
-19.571246
2.625220
-3.070609
-8.078308
1.471835
4.406225
1.965484
-2.018289
2.965604
4.075587
-9.121568
14.591457
16.269802
-13.405543
12.816390
0.431498
-0.482132
-11.376107
12.637523
-3.833361
10.249188
2.502394
7.506160
4.706198
-3.594894
11.180941
-1.708806
0.720574
12.412710
-2.978798
3.146807
6.720795
-7.224258
-5.490154
-3.248002
3.506319
3.065780
-1.106751
6.464445
-3.760539
4.864535
-5.006143
2.015332
-9.459843
0.245083
-2.972408
1.472102
3.586905
-3.712280
12.497123
2.118355
13.112830
0.995116
7.652387
18.982824
-3.856539
8.889893
94.619261
-0.764284
-9.849046
-12.593109
1.593004
4.095894
-20.062225
10.030979
-4.064479
-0.549185
2.392189
-4.243266
-7.068412
-6.669291
-18.470530
17.822133
1.365036
-0.884294
-3.265156
-12.960118
7.237689
5.155383
11.290317
9.782446
-10.746183
-0.053882
-18.428946
-10.265303
4.431393
2.185749
9.138448
1.190923
-9.608490
17.976498
5.042310
2.291831
-18.039128
-7.810359
-4.062015
0.278854
-10.492226
-6.320521
-0.691986
-15.792252
-5.297647
-8.992523
-11.127654
2.506698
9.384475
-9.153584
8.500677
10.879441
3.740754
5.964011
-6.728479
9.830442
15.911729
-11.301745
-5.778701
0.517511
1.886911
2.285381
11.032459
12.520753
6.131036
-9.508452
11.671387
-18.306285
-12.661307
-2.842766
17.074069
0.201003
4.230388
-7.786060
6.479573
3.322433
2.572691
-6.232341
3.776698
9.259310
-4.531133
-0.455648
1.169152
-2.986244
-4.968918
7.000140
-0.480326
-2.836270
10.743211
-11.722520
4.351899
11.643842
14.003885
9.730171
8.767008
5.286059
-5.337695
4.491972
-0.268651
-2.944422
-0.764284
93.557703
-13.187662
10.974510
-8.439189
-12.622674
-7.995560
-12.596886
12.456735
0.097188
6.036543
-4.259615
-1.062854
16.147837
-23.313312
-2.546612
5.988165
-11.042846
8.209011
-10.082712
-2.244871
-7.111881
11.683476
-14.033167
-20.804415
-11.389767
14.734693
2.502300
-2.123789
7.386221
3.418838
-5.000494
-11.123638
-4.461785
10.500541
-8.956799
-6.620531
-6.677413
2.161417
-18.141396
5.036182
16.378525
-14.531093
-6.415268
-2.456655
-5.170177
12.269089
-11.011417
9.619188
9.085000
-4.080591
1.400503
-17.655893
7.499730
8.629472
-9.344330
-0.005136
-7.063835
-13.976245
3.089557
5.173383
-3.456178
-1.535629
-7.269262
-3.101024
9.238901
-6.991522
1.782411
4.787000
-5.414962
3.777820
-4.605177
-0.226327
-10.073011
-17.667890
-0.672056
-2.033294
0.019440
-9.702582
-0.539296
8.688574
-13.021590
-6.948006
14.823960
-2.365140
-5.650114
-27.700682
-15.768318
3.696562
9.622225
6.327636
-4.967794
2.320453
-9.034854
-15.435528
-5.557104
3.065062
-0.979063
-17.206547
2.752900
-9.849046
-13.187662
93.035121
2.409733
-0.100291
-8.396798
12.201264
-5.432802
6.801849
-7.062091
14.714796
-6.723672
6.419117
13.988847
13.141827
-6.479271
-7.387848
4.383256
6.102761
-6.765693
-2.853824
-4.559151
-7.056742
-6.766779
5.468798
-4.399471
8.111176
-0.406916
8.108329
9.889447
0.730511
-8.404378
-3.435316
-8.418225
-4.156365
-6.123903
-20.640499
-3.570213
5.006614
14.389281
-15.105713
-2.118043
9.827833
-3.862066
4.384712
10.655254
-7.846438
5.731157
6.245299
10.858406
9.339020
13.316353
5.476625
-2.863903
-4.753614
13.037740
1.536218
4.793505
-13.113101
-13.184026
-21.933799
1.859925
15.838524
1.839306
7.586616
0.082351
13.704960
3.100353
-26.367739
6.090280
-10.550129
14.004569
8.316064
-12.454507
17.143019
-10.798428
3.624961
-0.236316
-0.884821
1.216238
0.176645
-4.012779
10.574647
8.926036
13.058172
-20.716865
-15.894903
7.847784
8.005404
-12.298071
-11.312929
-0.992008
-1.760414
13.028957
8.362965
-0.496000
-15.358589
0.382054
16.268284
-2.218862
-12.593109
10.974510
2.409733
117.032042
1.464790
-6.872359
5.346790
-18.406475
-3.281200
2.719117
-2.331587
4.612362
-1.253201
5.554869
-2.963200
-3.048576
6.488332
-3.441393
2.303538
13.373435
-8.959541
-16.395135
4.238568
-4.171872
-3.971820
-0.289450
9.016318
9.241858
26.316271
6.960902
-5.000527
18.931556
16.365530
2.274519
-13.857125
12.107918
-2.407486
5.468380
13.478165
-0.516721
-1.770836
-23.400017
-8.939213
5.230102
-14.501030
4.446440
-15.725123
-1.022141
-1.017272
8.978734
6.503027
-13.928429
2.624710
4.731019
22.312836
-2.755523
8.244384
7.446387
13.977605
4.850497
16.003011
-8.284856
-5.355002
2.792832
-11.968853
21.388602
-3.758213
4.272089
-11.676881
4.827185
-25.059509
-8.781548
1.755801
-15.994464
0.881948
7.459960
-1.035871
5.878763
0.207471
2.361463
0.218840
10.158585
4.928390
-4.715848
19.334424
13.451887
3.450417
4.632609
-0.412520
-10.112192
-3.217117
2.623971
-2.369086
-4.619554
21.304829
5.953744
-15.420557
-9.619463
-2.020593
12.187402
1.593004
-8.439189
-0.100291
1.464790
93.927927
0.104691
0.536314
-18.190900
-10.761316
-4.270439
0.748839
-10.097358
-3.981879
-15.476333
-14.765057
4.225449
8.843536
3.497465
3.382403
5.875002
4.194884
13.000032
-7.096360
-7.781688
-9.485199
-18.840863
3.479597
-6.467925
14.938609
1.700349
11.063280
14.028308
-4.014808
19.895738
2.808798
-7.522508
3.760166
1.542164
-8.926283
1.255097
-2.333668
-4.669046
10.792722
7.338391
5.697429
-4.124776
-7.774649
12.913525
-10.248922
-8.069323
-10.726854
0.930776
18.333238
5.896064
-10.685588
20.269254
0.435913
16.554838
-13.151425
13.907829
8.946277
16.812137
-10.270710
13.476142
-12.068673
-20.258423
12.061294
4.797803
4.751944
3.222589
-5.491188
-2.014974
-1.305180
-4.045761
16.107512
-4.988902
-13.549747
0.241924
6.713609
-4.215174
-2.412400
5.055825
5.115064
-14.114756
3.852495
-2.960528
-0.472693
0.896687
-17.783905
-6.428839
8.058319
5.877831
-8.531052
11.582214
-13.870263
-2.398622
-14.207032
-6.281730
-14.113261
-5.509770
4.095894
-12.622674
-8.396798
-6.872359
0.104691
101.133279
-2.879141
1.080190
-20.561684
-12.557794
5.397115
-6.560533
-5.648769
-10.073788
11.023960
12.469913
1.579990
2.030717
7.304604
8.244247
9.158132
-3.339258
-8.256227
3.468650
-10.138929
4.866188
-13.586583
10.398589
-2.849868
2.981109
-0.349845
-5.202297
7.430807
9.343643
0.879619
-0.899627
15.838356
-4.918120
-7.299971
6.628663
1.792196
-7.650083
0.940294
-23.280789
-4.770841
3.118954
-1.996235
-2.909502
-11.358604
26.781755
-3.887077
9.061209
-9.620795
8.769605
7.472959
-14.053956
-3.495476
19.621763
6.162392
2.649136
-1.009998
-5.365190
4.071446
6.794977
-4.977453
1.004441
9.272131
2.597942
-12.444063
20.064679
-3.195118
-7.337416
9.086893
-10.580734
-1.324305
-4.210879
-6.364158
0.562203
6.471489
-3.601479
6.005729
3.142088
18.021937
-5.986872
3.187486
13.378161
-3.662832
4.429328
0.360845
15.424809
1.764335
1.920102
5.991937
13.182656
3.784753
4.600547
7.410451
9.445634
-7.250786
-11.057480
-20.062225
-7.995560
12.201264
5.346790
0.536314
-2.879141
88.237809
-7.152292
3.587566
-6.052088
8.319059
12.250180
-6.490992
10.443942
16.907646
-7.633057
6.877199
-3.491099
-0.547879
12.037817
-2.270994
-0.303093
-4.141791
0.422346
13.402366
-7.647689
0.526519
12.340447
4.691192
-19.530136
-5.821808
4.586947
-2.800720
1.469210
-22.739496
13.898213
-8.475053
-3.111273
-10.074835
-6.576847
-3.083357
-1.535287
6.117388
6.125809
3.335902
4.098108
1.573448
6.764207
6.111085
-8.995979
13.567504
3.893835
6.858812
-9.826036
-8.477915
-8.148083
1.415715
-6.894989
19.381269
-0.842920
-4.778944
11.228184
-5.434103
7.842437
-12.208080
4.585307
-2.451766
-13.796350
10.062949
16.692670
15.277100
-0.969590
-11.817548
0.021232
-1.285561
-13.367442
3.064216
-2.480261
-6.895353
11.152491
-7.708794
2.484293
-15.913886
-11.315642
3.968394
25.131154
5.016017
9.234693
-14.592155
20.145976
-17.140939
-9.464121
4.102494
-9.823223
-18.108563
-11.374340
6.021946
7.921725
-10.192890
-2.624894
10.030979
-12.596886
-5.432802
-18.406475
-18.190900
1.080190
-7.152292
112.278116
-3.652760
-3.914656
-4.729276
-4.899558
10.147902
-11.999179
-1.045955
-2.980760
0.243448
10.738704
-2.143441
2.748679
11.314422
-14.100749
-11.033506
3.736352
1.314878
13.896662
-23.461448
10.358994
-14.711996
0.942482
-4.978005
-19.918850
-4.069342
15.583941
20.516076
13.619568
1.436064
-3.639245
4.214746
-13.253019
2.177751
-33.460049
4.509349
6.383804
-10.432276
-16.118201
17.380201
-11.171737
4.244904
-13.104970
2.160985
-19.475537
-0.282616
-4.226790
-11.059094
-4.553305
16.683742
2.512403
-2.974169
-14.110558
-3.658848
3.865597
1.452395
-18.011805
8.023151
2.687203
4.532043
0.245734
4.018517
8.820108
8.341856
-2.999692
-14.111061
-4.248766
-4.396523
0.578968
-18.417318
-11.218216
-6.411334
7.502344
-12.874202
2.338652
-6.487677
7.718103
-27.201269
-4.655619
7.016478
-7.860899
9.106532
-0.523908
5.130859
-9.315875
9.220352
14.677732
4.272103
3.907157
14.345713
11.693595
7.745336
-7.416964
-4.064479
12.456735
6.801849
-3.281200
-10.761316
-20.561684
3.587566
-3.652760
87.607590
-6.126062
-0.863352
-0.197003
6.507086
13.841265
-7.113848
-22.785735
-13.864505
-4.498273
-1.407780
-14.234673
5.773597
-11.226421
12.857815
3.123458
3.074454
-1.795102
13.692240
-7.898283
-7.437215
2.453166
-3.539296
-11.632708
-8.067438
-6.697691
0.155069
1.332393
-11.495010
5.313365
-5.503716
-15.036576
-15.268925
19.757430
-6.553593
14.578406
21.395877
2.960296
-1.715456
-14.301032
-1.710683
-7.639728
-9.300562
7.120853
-1.360883
-0.712464
13.899261
6.202946
-2.439169
-11.061407
-10.161550
-9.125368
-6.035040
-20.798525
10.596551
3.078672
14.550304
-6.629971
4.681626
10.512637
14.351988
14.803032
3.518413
-4.793607
6.323405
8.599280
6.044038
14.472259
0.402378
-4.991430
4.419763
10.782753
-12.794444
-15.326488
-11.287995
10.075083
-0.550249
-7.976934
3.525683
-13.398988
-14.547860
-3.714978
-5.368929
-4.535523
-0.922628
4.289233
2.477494
-11.626335
-15.123699
-19.839533
4.650111
-14.724569
-0.549185
0.097188
-7.062091
2.719117
-4.270439
-12.557794
-6.052088
-3.914656
-6.126062
93.318264
2.637315
0.275759
1.449242
13.715276
-0.862714
5.168523
-1.290780
-11.277087
6.938427
6.113046
1.719845
2.248653
-2.441814
1.992613
13.482839
-1.602562
-13.775679
22.069627
18.123112
-7.853784
-13.833020
-2.157726
4.637654
0.518080
27.793590
0.589261
10.091890
8.421208
-7.581034
-2.436310
0.126732
-10.275809
7.130746
9.121700
-1.899189
-13.803304
8.447156
5.915839
13.980311
28.826230
-7.200840
2.988304
-7.723486
-3.238098
7.887357
3.030867
2.556388
-5.073978
2.320679
14.227364
-17.387503
-12.018544
11.885397
4.252842
1.392910
-9.630896
1.118022
14.793850
-4.069061
14.925755
11.047818
0.716935
11.051454
-24.921923
10.240074
-8.984315
-18.129707
-5.530097
2.188290
-12.107693
6.080424
-3.332691
-5.651347
5.907781
-5.152853
-5.918833
-4.919504
-18.994272
-2.026661
-4.329396
-9.130103
-2.035797
18.780184
10.321361
4.266935
4.494733
-21.579738
-3.639566
-14.105345
18.041866
2.392189
6.036543
14.714796
-2.331587
0.748839
5.397115
8.319059
-4.729276
-0.863352
2.637315
80.409092
-7.062349
5.024629
-0.347757
-4.193123
-3.700326
-2.032493
0.547280
4.626691
2.131727
-2.986437
-12.563270
3.175361
-5.459692
-0.364823
-7.465086
13.031843
9.409939
22.556194
-20.113568
-12.118296
-10.833282
6.715404
11.415504
-1.669815
4.997515
10.862298
-6.644971
-1.873691
3.257259
-6.493367
-4.793257
9.463763
-6.252402
-0.478441
-6.670168
14.519282
14.269720
-1.387830
1.585182
3.713096
-10.130988
-1.236188
-7.055229
-7.932905
7.849031
3.636366
18.073007
-10.497243
-23.813911
4.755117
-7.492753
-11.408385
2.438923
3.335811
-9.167879
1.953160
-3.519547
7.494113
11.614199
-0.953974
0.135998
1.986448
5.705276
-7.889962
6.768543
-1.374857
10.703832
4.052301
-1.794798
15.196875
3.396724
8.749141
11.218529
3.621704
30.558532
27.780647
-8.436860
8.324921
22.715929
-1.200598
7.093139
14.664877
2.978700
-3.180514
16.948486
14.034257
3.934699
7.781349
19.169253
-4.243266
-4.259615
-6.723672
4.612362
-10.097358
-6.560533
12.250180
-4.899558
-0.197003
0.275759
-7.062349
114.236652
-9.265662
16.019999
12.322567
10.716403
-3.799530
-14.069691
-7.094514
-13.006898
-3.295548
-10.566008
-14.572924
24.623175
4.691807
-1.169152
1.909500
-14.422789
7.484995
9.462466
-13.628221
19.603480
-4.913931
-10.621361
6.916682
6.600637
6.938707
6.434978
6.203654
-4.084881
-7.869574
-3.638734
-7.017323
-0.179724
-9.070386
-8.110763
7.861637
-1.754360
-6.576286
-8.935431
3.003296
14.883141
0.050221
-1.335504
-6.938140
6.451098
18.668096
4.226882
9.045365
9.748942
-4.324946
-7.584202
-0.252244
-9.314565
1.338249
11.677031
5.568583
3.724515
-2.610821
-6.473255
-0.320588
0.201446
9.397019
0.190260
21.681633
-1.761387
12.026960
-11.610147
-4.700052
-12.099170
3.680153
7.926463
-9.302821
0.772352
-9.260447
-1.894235
3.505653
-6.745849
5.752803
-12.086009
-14.145949
-0.932185
-17.007164
-1.931208
-6.702851
12.614869
-8.777934
9.825207
-5.568044
-1.130410
-7.068412
-1.062854
6.419117
-1.253201
-3.981879
-5.648769
-6.490992
10.147902
6.507086
1.449242
5.024629
-9.265662
79.922776
-14.663141
7.518004
-1.322827
-2.965479
17.078616
-10.721348
2.014605
-9.438848
-5.636254
-11.563964
-13.566831
-2.743590
1.034912
0.261420
19.131110
-2.722383
6.959850
-19.644354
1.608535
6.177811
-14.354247
-4.539535
6.299087
-2.835032
4.911121
-2.315956
12.699757
-0.056100
-2.103041
8.931149
5.112329
-3.716833
4.353766
2.398165
-5.286727
-5.497704
-15.727321
3.059313
-7.531790
-12.887388
-6.536576
-9.231675
-17.617639
-1.320393
-0.489916
-30.414692
-19.271707
25.543529
1.809493
1.863331
-2.482354
18.819981
7.510452
12.262845
-5.659828
10.775548
47.142058
9.597758
-4.056594
-11.563755
-6.481889
-0.623983
-7.608061
-18.273467
6.959622
-4.339136
13.201656
-4.565404
-16.226218
15.901968
-9.799135
-5.922985
-3.162907
4.082802
-7.614784
15.383159
4.111839
-11.792135
-19.871232
4.559013
-3.768834
-0.895485
-22.790180
14.752819
4.518392
17.121138
-3.209168
-6.669291
16.147837
13.988847
5.554869
-15.476333
-10.073788
10.443942
-11.999179
13.841265
13.715276
-0.347757
16.019999
-14.663141
126.675711
-20.106623
11.155508
-0.826328
13.737907
15.965327
1.335865
6.847440
-2.914306
16.057342
6.539656
-4.581010
-6.951568
20.857369
-10.201399
8.345105
6.073249
-4.558687
-7.145937
-8.654022
10.037314
0.996850
-10.945938
-7.472710
-7.195799
-10.926824
-15.663550
-7.813469
9.891989
-5.407432
-17.511036
3.454304
11.467498
15.312561
-12.301038
-5.946915
4.625797
13.588608
9.400735
1.119134
8.766984
-8.733331
7.979380
-2.294763
-2.426384
-3.753060
1.049071
10.657396
-7.228421
-5.241586
-2.843060
6.837782
-1.587223
-6.654286
12.211684
6.739718
2.557942
-0.513937
-2.690564
20.292932
12.966682
-2.891002
-9.479108
10.395718
5.909750
14.730229
-15.862886
-3.063828
-3.506009
-7.727925
19.705158
-7.151779
-4.332902
-6.677688
2.927811
-2.597654
18.857611
6.781899
4.958529
-17.266610
-20.832981
-14.692146
-4.257961
3.950107
-0.446780
-16.764245
-4.487959
-18.470530
-23.313312
13.141827
-2.963200
-14.765057
11.023960
16.907646
-1.045955
-7.113848
-0.862714
-4.193123
12.322567
7.518004
-20.106623
88.878413
-8.255275
-2.963071
0.374546
-4.271193
-5.317933
0.711437
-11.243168
-10.831572
12.085587
20.009872
7.798645
-5.128235
18.425491
-2.435067
3.531203
-15.219110
-6.800373
8.188497
-11.877186
-10.552193
7.850826
3.175984
-13.722486
12.626374
9.159554
-13.489768
8.282575
-0.863458
-6.653602
11.422289
3.729559
10.463427
16.109191
2.794011
-21.059494
15.694436
1.834996
4.801717
1.480289
15.098570
-6.179892
5.265340
6.743414
-8.587212
-5.700246
4.171497
14.804586
-5.503280
5.250751
13.104966
-4.804418
5.184966
2.191097
9.144230
-2.297231
-6.670202
7.708676
3.778236
6.966561
13.127790
-2.954073
12.058065
0.258737
5.772459
10.034832
2.671629
9.312410
-6.588843
4.226673
5.821137
13.133771
8.014999
-13.209695
6.088552
10.710425
0.263038
18.007236
10.275462
4.160360
11.091190
13.408366
-2.958175
8.270561
-7.357615
-11.057252
17.822133
-2.546612
-6.479271
-3.048576
4.225449
12.469913
-7.633057
-2.980760
-22.785735
5.168523
-3.700326
10.716403
-1.322827
11.155508
-8.255275
103.359802
17.748133
3.080457
20.843017
-0.609632
6.803730
-7.149210
-3.636221
-4.604788
-16.331051
-1.997217
3.953476
3.569902
14.881350
-13.141552
16.723636
2.927126
1.465349
-7.244642
6.352368
-15.592501
3.002920
-1.443531
5.969577
-7.274342
6.430110
1.537355
5.218929
-4.830458
-0.136895
-13.717358
14.488725
-2.544483
13.015928
15.188834
11.195606
3.390848
-0.194016
-5.235028
19.491757
2.551110
-3.368172
-11.185417
6.307167
6.408096
-0.010611
6.775532
-13.323195
6.557744
20.215068
5.656542
-19.084408
3.434817
-0.167174
-5.768460
-15.621921
5.705066
-2.521739
-6.881506
17.120649
-10.299060
14.059842
13.291700
1.532209
-1.869975
-11.204100
3.825777
0.290676
-1.578453
26.752434
-7.746304
20.173146
9.802619
2.059425
18.933470
2.009645
-8.479759
3.593288
10.984011
0.175451
0.328774
-4.099253
-0.448830
-7.574978
-17.075384
1.365036
5.988165
-7.387848
6.488332
8.843536
1.579990
6.877199
0.243448
-13.864505
-1.290780
-2.032493
-3.799530
-2.965479
-0.826328
-2.963071
17.748133
101.455739
8.003607
-20.608877
-17.094194
-5.654823
2.141213
-3.286919
-1.512486
-0.207715
-9.768065
13.895195
1.322341
15.423434
-3.482160
-7.201135
-6.304260
0.156275
-2.742557
4.290396
-10.139791
-10.950962
-8.059696
-14.485378
16.052368
7.141507
1.234467
4.924254
6.562337
-16.995317
-0.483796
9.155900
-5.025549
0.215213
0.444603
-6.615409
6.789114
-14.899556
-6.602696
0.738403
-1.910069
4.788562
-4.494073
-0.432288
3.580987
0.721740
7.680766
-16.478037
-18.989894
3.703555
18.347092
-10.688246
0.164472
-15.652657
5.202595
-0.691547
-7.518418
-24.215534
2.062764
-15.326916
-4.763546
-4.130209
11.647510
-19.662723
-5.699471
11.124765
-0.946088
-16.341264
-30.235233
4.226325
-0.833398
-12.117994
7.469772
13.514010
-19.902240
-12.615857
-5.158238
-10.361366
-3.827478
0.626020
-9.573961
8.148280
3.392736
5.962699
14.605269
-0.884294
-11.042846
4.383256
-3.441393
3.497465
2.030717
-3.491099
10.738704
-4.498273
-11.277087
0.547280
-14.069691
17.078616
13.737907
0.374546
3.080457
8.003607
83.871310
-6.020628
11.628453
-1.238216
-0.494394
5.772335
-15.647747
-6.956564
-6.795713
-2.184291
-5.534700
16.710812
-2.048484
0.285322
-7.062486
-14.672445
11.076553
3.647026
-3.693141
-13.603434
-4.144883
5.621846
10.140026
11.024427
12.550706
1.946934
-7.078210
12.623585
2.892309
7.237951
6.952437
0.138705
-6.951774
1.558543
-16.633363
-0.645506
15.357729
-6.140246
8.671416
4.243765
-9.311896
-25.282767
-2.143652
5.959093
13.411358
-4.506097
10.386307
-13.272265
6.293322
5.223447
-10.709595
3.758046
6.670634
9.844329
11.681924
-0.362258
-1.491403
-9.834931
19.780590
-4.664856
9.467946
15.466927
12.098065
-0.141660
-8.534586
11.425666
-3.945617
0.502717
9.021977
-10.453112
7.190642
-0.653999
-1.822667
-1.285398
2.622266
-0.336783
-9.482069
4.189707
-5.654750
4.684013
19.774843
-0.184497
-2.576634
-3.265156
8.209011
6.102761
2.303538
3.382403
7.304604
-0.547879
-2.143441
-1.407780
6.938427
4.626691
-7.094514
-10.721348
15.965327
-4.271193
20.843017
-20.608877
-6.020628
101.480477
-5.176740
14.154738
-2.680306
-6.135776
-12.692554
-11.832845
25.459916
-0.236303
6.672759
2.978370
-8.284342
5.989373
4.997724
1.373385
2.703229
6.938405
-1.347594
15.260585
-0.761477
-6.504832
-10.659259
-3.601387
3.607220
2.341421
3.344702
-3.226241
0.808652
-2.959010
-17.025088
-6.992689
5.619811
-6.428883
17.991921
-5.156069
14.869772
-6.258033
-15.023409
12.074501
17.076821
5.966104
-3.044346
-19.330855
-13.536181
5.161808
-10.644678
-8.043549
-10.127501
14.088018
21.297116
-21.302751
9.943530
-9.651262
-2.330722
-4.798902
-11.466292
11.336849
11.284855
-8.751012
-25.183492
-22.876627
21.476710
-1.292943
10.835398
3.982332
-9.407331
1.435475
-7.824526
-4.265811
12.153094
11.167716
-28.743852
-5.974346
-1.926972
-0.482933
-11.393144
4.758422
-0.512403
-15.778167
-13.982234
0.391199
1.407205
-12.960118
-10.082712
-6.765693
13.373435
5.875002
8.244247
12.037817
2.748679
-14.234673
6.113046
2.131727
-13.006898
2.014605
1.335865
-5.317933
-0.609632
-17.094194
11.628453
-5.176740
127.386426
6.690487
-3.074686
7.556105
11.966367
-3.420401
-1.936424
-2.220922
-0.004882
6.367249
-3.098690
2.965624
-6.995060
14.035665
11.481337
1.837051
39.198529
13.864079
3.988165
0.655812
-8.237246
0.893652
-14.454113
8.270816
3.656266
23.657912
-11.300292
2.037762
-2.278904
12.701004
-13.162705
10.959782
-14.812666
6.161636
-10.180221
-5.294469
-15.752646
12.798949
9.400613
6.548137
-1.351220
-0.399011
-12.547260
6.002486
-5.177447
-3.993805
-8.807959
8.841192
-13.191139
-0.505882
2.012925
9.576459
-14.458074
-8.786530
-4.617074
-29.732363
-5.555697
-19.089490
11.233755
2.745717
1.698752
-2.535724
10.346414
-4.427504
0.734403
5.496393
2.210976
-1.813120
17.242451
12.179245
3.293518
-1.065209
8.297672
9.375623
-4.737625
1.581781
1.982945
0.304187
4.352770
-14.450541
-8.631319
7.237689
-2.244871
-2.853824
-8.959541
4.194884
9.158132
-2.270994
11.314422
5.773597
1.719845
-2.986437
-3.295548
-9.438848
6.847440
0.711437
6.803730
-5.654823
-1.238216
14.154738
6.690487
82.293330
2.620549
-10.205172
3.225472
-10.876110
-2.516392
0.110154
4.244219
-5.227972
-10.769582
10.919586
-4.668386
-0.118631
7.766160
7.873788
4.620851
1.848097
6.379514
-9.998315
-14.977194
-8.434452
-13.696258
2.053437
-10.571158
2.482423
-4.297208
-1.762989
-14.902880
-9.216474
8.488102
-23.757933
-11.705139
-5.546272
-10.006423
20.156989
-6.615689
-19.336531
0.221662
5.171704
4.175808
3.598853
6.618997
6.009493
-1.482718
-7.993305
-1.053421
-13.353299
-7.255980
5.234385
-21.264262
4.799846
-6.579971
-6.557028
-1.302920
6.372471
8.116327
0.565745
-9.566910
-6.118629
-2.759680
-1.994611
-2.345265
11.421906
-7.326095
11.390323
-8.775588
-1.044574
-8.073998
-6.790954
-12.004893
-8.097884
-1.224794
-21.568381
-2.066615
1.616583
0.278108
0.665404
12.725875
4.963179
11.077363
5.155383
-7.111881
-4.559151
-16.395135
13.000032
-3.339258
-0.303093
-14.100749
-11.226421
2.248653
-12.563270
-10.566008
-5.636254
-2.914306
-11.243168
-7.149210
2.141213
-0.494394
-2.680306
-3.074686
2.620549
90.865654
-10.407681
1.991259
-2.644622
5.874222
-4.797779
-4.373050
-4.837936
1.237533
10.361268
5.999373
-4.513022
-6.912812
7.310319
-13.409240
-4.850999
-12.869215
12.908068
-5.645572
4.608377
-3.381788
-1.627332
-8.053643
-7.561868
9.348012
-17.944933
3.226523
-2.572855
-1.341330
-4.964592
-3.477823
-7.870736
-0.602331
-7.671613
4.591716
-1.883098
2.159819
-4.722022
-19.143583
-5.451951
-0.692650
12.711884
-6.259785
0.075566
8.228409
1.254977
-0.597564
-11.091044
3.150409
6.649106
-7.466772
4.683941
3.094626
11.032823
-1.036330
-10.965547
-6.665287
-0.551653
9.486583
-1.508153
6.135200
6.993344
-5.854469
-15.172229
-4.143612
-15.667516
-18.732068
16.801028
-6.671073
-2.083030
-11.776071
13.535296
12.996117
-9.727069
-11.801865
3.615158
4.300347
6.046312
-7.316765
11.290317
11.683476
-7.056742
4.238568
-7.096360
-8.256227
-4.141791
-11.033506
12.857815
-2.441814
3.175361
-14.572924
-11.563964
16.057342
-10.831572
-3.636221
-3.286919
5.772335
-6.135776
7.556105
-10.205172
-10.407681
88.626706
-2.210380
5.393598
-14.418610
1.895000
-7.386904
-10.966586
0.589134
6.770205
27.644196
-25.591973
7.541807
-5.493521
8.230016
-17.668554
-3.490330
14.516369
3.310737
9.023863
0.489568
-15.414750
9.334915
5.972458
-12.725147
7.965391
6.031266
-8.770661
12.670444
-9.879669
-13.934055
7.341317
-9.058127
3.611275
8.091313
-4.513267
10.910436
-5.965434
-8.259929
6.202201
-5.027002
-13.864817
11.132132
-6.259563
-17.532228
-5.146177
8.800372
28.610709
6.124795
5.148304
-24.880894
9.176165
2.446937
-7.010609
-3.411196
-7.867852
0.695652
-7.072653
10.356962
-5.151631
6.400003
16.357846
14.474987
-3.268221
-3.824574
1.242241
-16.535681
-11.064589
11.110727
7.681445
6.979778
8.465219
-28.951705
0.027221
-5.417277
9.951073
-2.250753
-5.787498
-15.548500
9.782446
-14.033167
-6.766779
-4.171872
-7.781688
3.468650
0.422346
3.736352
3.123458
1.992613
-5.459692
24.623175
-13.566831
6.539656
12.085587
-4.604788
-1.512486
-15.647747
-12.692554
11.966367
3.225472
1.991259
-2.210380
114.444831
13.868795
4.060579
-5.024948
1.694477
-10.720207
0.744478
-10.231874
8.729930
-1.302897
26.596194
-3.892738
23.203725
-17.661254
10.497357
9.517428
-12.492804
0.415308
-1.493491
0.793199
-4.917599
-7.405744
12.429316
4.456094
6.237847
0.454038
5.779575
-11.850332
1.823574
10.750551
-2.281595
4.570975
5.930191
-4.922245
-4.906916
-0.386255
10.237853
12.552548
-15.892137
3.370647
3.604099
-1.991666
-9.599877
-3.509541
-10.882126
15.638672
-4.502728
5.475601
-6.121177
10.065352
-14.288072
9.010599
5.189994
2.613704
1.700433
-0.202629
-5.193353
5.870686
-2.065957
-11.282435
16.840833
-7.572296
-7.163310
3.402978
-4.795156
-11.414156
15.180628
7.467007
-2.064547
12.685464
-2.049700
-6.080562
4.506294
-0.599731
-11.525669
7.840492
-13.257383
-10.746183
-20.804415
5.468798
-3.971820
-9.485199
-10.138929
13.402366
1.314878
3.074454
13.482839
-0.364823
4.691807
-2.743590
-4.581010
20.009872
-16.331051
-0.207715
-6.956564
-11.832845
-3.420401
-10.876110
-2.644622
5.393598
13.868795
99.106262
-7.488014
-6.429991
3.316210
-12.899780
5.521536
3.985826
0.763518
2.338433
0.658316
8.674593
5.548551
-8.684649
3.954001
11.676256
16.333810
10.906845
-3.580216
-14.325476
26.825853
9.111237
2.045386
-12.199124
-12.455807
-6.511752
3.471079
-18.454405
19.550251
10.486011
-5.181870
-3.317514
15.107905
-17.207352
-10.787199
-15.862807
0.579923
-13.513512
15.891113
-18.413313
10.344049
7.994786
9.481875
-5.154242
6.046765
16.039657
-11.897284
5.520154
12.555567
-11.581597
-2.306410
-14.522195
4.924878
10.805790
-5.031114
-4.934550
-4.869794
-11.370878
-19.356947
8.997056
8.435979
6.215127
10.001861
-4.407293
-2.324464
-12.581569
2.322546
13.514914
3.334160
-21.880911
-10.234372
-12.127460
-9.918804
29.743372
15.742062
-14.907568
6.801140
-0.053882
-11.389767
-4.399471
-0.289450
-18.840863
4.866188
-7.647689
13.896662
-1.795102
-1.602562
-7.465086
-1.169152
1.034912
-6.951568
7.798645
-1.997217
-9.768065
-6.795713
25.459916
-1.936424
-2.516392
5.874222
-14.418610
4.060579
-7.488014
112.445511
-11.316640
14.775375
-7.268600
9.433255
-3.055936
-13.269494
4.806253
-4.675654
14.609146
10.486208
14.398413
3.266119
-2.378045
0.148626
8.329089
1.245986
-2.953814
-16.568321
-0.903181
-4.828999
-30.775191
4.708911
-3.829071
6.261340
4.995071
-11.058159
-10.014358
-8.302048
9.977142
-8.290228
0.700449
-14.351269
-21.880506
3.195101
-2.101316
-16.947232
3.227951
4.014476
6.033688
-0.386965
-8.860781
-7.103982
-18.601845
0.183438
9.780086
23.000854
6.468723
-13.195144
-1.852315
1.199381
-7.051890
7.632675
2.513622
-11.371759
-12.889449
-18.279421
-0.922443
14.828078
8.207881
4.351543
-2.434757
7.146669
19.933315
-15.531151
-1.702126
13.659288
10.624380
1.475787
11.916938
11.792348
0.940523
0.059397
-11.415788
-4.636782
-18.428946
14.734693
8.111176
9.016318
3.479597
-13.586583
0.526519
-23.461448
13.692240
-13.775679
13.031843
1.909500
0.261420
20.857369
-5.128235
3.953476
13.895195
-2.184291
-0.236303
-2.220922
0.110154
-4.797779
1.895000
-5.024948
-6.429991
-11.316640
122.952338
-15.645408
10.329442
-4.133825
-2.112195
1.367146
-4.427576
-11.062014
-10.674000
-5.460660
-9.747982
-13.498431
-7.269788
-2.210087
-11.911055
12.667654
-1.244176
25.030294
6.241838
17.085507
4.817860
-3.909665
5.225729
-9.053329
-4.571188
9.847061
5.674937
4.193720
-9.815619
11.643839
1.946755
3.101321
-0.717501
-3.365340
4.152178
14.678215
-9.081295
22.381206
-9.665218
-10.130044
1.701217
-12.293245
-4.808463
-0.344211
-4.081412
-7.309643
-5.153745
8.283646
12.561085
-3.695323
6.815813
3.349034
0.836888
-6.858747
-0.529099
-10.175334
-24.872637
-3.418709
12.496917
6.963127
1.012718
-5.997485
-15.622395
4.207284
7.882093
-8.144329
-5.366180
1.474493
-1.923757
-9.430698
-7.581567
-1.803499
-31.075762
-13.223346
-10.265303
2.502300
-0.406916
9.241858
-6.467925
10.398589
12.340447
10.358994
-7.898283
22.069627
9.409939
-14.422789
19.131110
-10.201399
18.425491
3.569902
1.322341
-5.534700
6.672759
-0.004882
4.244219
-4.373050
-7.386904
1.694477
3.316210
14.775375
-15.645408
113.305742
-1.077066
-10.383317
-0.012468
8.889508
13.971031
-6.255815
10.128363
10.601432
13.508995
2.035655
7.379680
-0.371873
-6.289003
-6.176066
-4.943540
14.428046
-12.727666
-1.917043
6.521274
2.994786
3.546292
11.674319
2.914204
10.777033
-16.438666
6.684565
14.892288
3.775102
-1.258417
7.007393
-13.900268
6.347865
-11.621198
0.183139
-15.455180
-12.907734
22.500930
3.845167
3.304079
9.703041
-4.945781
19.854327
0.737639
13.370466
-1.352552
-13.455932
7.328197
-26.222635
-14.213478
-4.521470
-4.154111
-4.706419
7.315603
0.562136
-4.854235
14.978503
11.376692
2.459106
2.224834
0.320825
-0.622216
3.612596
5.034247
1.999724
4.101378
-2.484905
29.460324
-11.840437
-7.679818
5.105105
5.380735
6.964587
4.431393
-2.123789
8.108329
26.316271
14.938609
-2.849868
4.691192
-14.711996
-7.437215
18.123112
22.556194
7.484995
-2.722383
8.345105
-2.435067
14.881350
15.423434
16.710812
2.978370
6.367249
-5.227972
-4.837936
-10.966586
-10.720207
-12.899780
-7.268600
10.329442
-1.077066
97.786245
-2.855594
-19.055326
0.180704
3.940951
-9.747339
3.239878
1.330022
14.995995
6.011922
-4.130343
0.389411
-11.669018
1.243272
13.484340
-12.499759
11.866055
-7.846436
-15.019221
-5.229300
-9.468845
-7.215521
5.669967
7.402005
6.932321
8.440843
-16.727826
21.775043
-15.290379
-23.896891
-8.085347
-11.665080
5.754487
-3.831371
0.480981
3.220349
19.857500
12.375399
-5.161152
0.246380
0.818237
-5.148406
11.513345
-12.788349
8.835418
3.015428
-14.452855
-4.251105
0.299157
-8.256617
1.468616
3.920882
6.651545
-1.783172
-4.221041
-7.268465
-14.404134
-9.798279
-0.955537
-8.210901
17.384697
-10.702817
6.506229
-6.228739
1.756655
0.405552
-9.852707
-3.512230
11.417218
4.005421
13.688330
1.726076
2.185749
7.386221
9.889447
6.960902
1.700349
2.981109
-19.530136
0.942482
2.453166
-7.853784
-20.113568
9.462466
6.959850
6.073249
3.531203
-13.141552
-3.482160
-2.048484
-8.284342
-3.098690
-10.769582
1.237533
0.589134
0.744478
5.521536
9.433255
-4.133825
-10.383317
-2.855594
88.430786
-7.926051
-4.200801
10.841078
-2.384900
-1.888982
-11.617127
3.198058
-8.090521
-0.899876
16.137394
1.260082
2.804821
-5.156396
-10.526437
12.801277
2.856987
-16.606320
-1.005309
4.540407
-7.445042
-9.120501
-10.726514
-4.703055
-9.718635
-10.193682
-7.351349
5.208917
2.828052
4.366345
8.823302
4.443431
6.380059
24.948536
0.477595
-0.966331
-5.122753
-0.461359
-23.329744
-12.921231
4.008129
-7.954793
-10.697750
-8.527533
3.521148
-10.132758
28.630537
-6.997635
-16.440012
-14.445096
-2.742967
9.392502
-0.369699
-10.443734
-6.882342
-24.701421
-0.001402
-3.398961
8.871372
-5.943661
-3.267441
-1.145942
4.159608
2.277958
16.833609
7.754617
0.637578
2.771090
-4.209160
15.370626
4.117036
9.138448
3.418838
0.730511
-5.000527
11.063280
-0.349845
-5.821808
-4.978005
-3.539296
-13.833020
-12.118296
-13.628221
-19.644354
-4.558687
-15.219110
16.723636
-7.201135
0.285322
5.989373
2.965624
10.919586
10.361268
6.770205
-10.231874
3.985826
-3.055936
-2.112195
-0.012468
-19.055326
-7.926051
102.241962
4.536368
-1.561962
10.961342
-11.064591
-12.633736
-6.855772
-1.171016
6.283110
6.062515
6.172082
1.322121
-9.223791
17.916803
-4.125176
-0.867925
1.711817
5.916742
-12.332335
2.526499
-17.462589
-7.412014
4.485945
4.801917
7.568947
4.095288
8.647710
15.925094
23.353624
-11.877182
-2.774100
-10.805650
12.246435
20.601528
-15.574882
3.179529
8.298283
-12.627276
-9.976969
-2.996315
-1.844005
-17.007449
-0.623181
-7.225315
1.107350
-1.192511
-9.069634
-2.565072
6.511380
-2.216545
-4.377432
-3.874023
11.568209
3.125223
0.893324
18.572219
-7.996894
-17.572519
3.407188
-1.549994
-13.159496
4.803471
6.409541
20.512540
-13.133941
33.686201
8.312394
-3.086791
27.268727
-2.449593
1.190923
-5.000494
-8.404378
18.931556
14.028308
-5.202297
4.586947
-19.918850
-11.632708
-2.157726
-10.833282
19.603480
1.608535
-7.145937
-6.800373
2.927126
-6.304260
-7.062486
4.997724
-6.995060
-4.668386
5.999373
27.644196
8.729930
0.763518
-13.269494
1.367146
8.889508
0.180704
-4.200801
4.536368
121.910500
-33.324502
-9.320104
-13.870686
-6.192543
-0.703127
16.899294
7.891381
7.930514
-4.119256
-3.531640
-0.169507
5.094404
-13.284992
-3.155757
-0.461555
-0.541978
6.084452
-0.991944
2.065727
2.678837
7.843967
7.609378
-7.323937
15.389630
-19.571939
9.141479
-9.158934
1.074499
-10.583529
-8.421469
9.268059
13.717667
-3.248415
1.059197
15.235026
25.021444
5.957846
-4.624202
-7.045644
9.837968
10.195101
-1.866538
17.514232
4.226550
-9.354237
3.469002
23.528745
-13.255871
14.480258
-6.165404
-6.666896
3.588588
-9.925162
-16.650055
-5.848651
4.082621
17.179667
2.964826
14.061079
1.208666
3.234823
3.354925
-0.112779
-17.831728
-24.027224
4.265367
-11.989581
-8.501488
-9.608490
-11.123638
-3.435316
16.365530
-4.014808
7.430807
-2.800720
-4.069342
-8.067438
4.637654
6.715404
-4.913931
6.177811
-8.654022
8.188497
1.465349
0.156275
-14.672445
1.373385
14.035665
-0.118631
-4.513022
-25.591973
-1.302897
2.338433
4.806253
-4.427576
13.971031
3.940951
10.841078
-1.561962
-33.324502
109.267504
-6.255919
-3.677299
-2.568051
11.730534
-1.449411
-1.943693
-0.946358
0.282956
-5.618032
7.981614
12.691415
0.335349
1.540055
-3.395402
-7.456359
7.499759
7.438537
-7.116521
1.662495
10.769306
-1.574080
-0.223838
0.310661
4.825587
10.465578
-0.042108
-3.846281
8.772424
2.522987
10.176913
8.931461
-22.339192
3.176044
3.476140
-9.894599
-2.310368
35.035489
6.473352
-9.845614
-3.287967
0.374777
-9.366777
14.328367
-11.242943
8.761745
-16.383148
8.983196
4.622537
8.171188
9.137256
-3.693191
8.498030
-0.296298
-7.054730
9.299598
-18.224498
-15.628517
-3.090292
-4.742673
4.081384
-3.273281
10.670600
5.547275
6.158370
-6.720285
1.127400
8.607388
17.976498
-4.461785
-8.418225
2.274519
19.895738
9.343643
1.469210
15.583941
-6.697691
0.518080
11.415504
-10.621361
-14.354247
10.037314
-11.877186
-7.244642
-2.742557
11.076553
2.703229
11.481337
7.766160
-6.912812
7.541807
26.596194
0.658316
-4.675654
-11.062014
-6.255815
-9.747339
-2.384900
10.961342
-9.320104
-6.255919
94.445772
0.374819
10.955782
-14.621027
-7.427913
-17.065864
0.840170
11.908318
-10.765712
1.431625
-9.930186
-9.971291
11.791337
6.672300
-12.105447
19.071799
1.749473
3.221645
3.242962
6.375364
-1.640452
4.675469
-1.807915
6.846848
8.315900
-2.077418
-2.241524
7.866428
8.946690
-3.471610
-2.897993
4.234247
13.003790
-24.268440
3.903517
17.556131
12.763291
-0.505077
-5.743166
-9.282039
1.087667
3.235265
2.416219
11.955920
2.908001
-4.926390
21.430527
0.341855
-2.881782
-16.042203
10.444048
15.065281
6.121853
-0.171679
-11.344131
-23.522016
-2.982444
-2.394112
5.005088
-4.099468
-0.954515
-0.866614
-11.474944
-11.206035
0.826061
-11.050790
-3.314394
5.042310
10.500541
-4.156365
-13.857125
2.808798
0.879619
-22.739496
20.516076
0.155069
27.793590
-1.669815
6.916682
-4.539535
0.996850
-10.552193
6.352368
4.290396
3.647026
6.938405
1.837051
7.873788
7.310319
-5.493521
-3.892738
8.674593
14.609146
-10.674000
10.128363
3.239878
-1.888982
-11.064591
-13.870686
-3.677299
0.374819
114.681987
-1.209078
13.105872
-6.618765
-13.692281
-4.831608
19.737275
-1.481454
12.124482
9.175939
-5.633020
-32.820209
6.420874
-2.950402
6.886034
6.874989
-7.397681
26.099213
7.661832
-7.418532
-10.005791
-0.433849
-3.016565
3.999942
2.751772
0.031933
-5.637696
2.307847
-4.727518
1.678981
-16.418472
-17.462573
13.646507
-1.022968
-13.430907
9.884472
-3.068233
14.029832
-1.464792
6.023885
-2.820284
-7.574802
-3.836219
-18.901500
1.185432
9.677639
-3.780089
8.151755
17.134744
1.978590
6.646331
8.207027
-2.792304
-5.705907
13.266544
6.859576
9.809041
-9.226210
10.230099
-18.006824
-13.404412
-16.364772
0.868812
9.040533
2.771380
10.366563
2.291831
-8.956799
-6.123903
12.107918
-7.522508
-0.899627
13.898213
13.619568
1.332393
0.589261
4.997515
6.600637
6.299087
-10.945938
7.850826
-15.592501
-10.139791
-3.693141
-1.347594
39.198529
4.620851
-13.409240
8.230016
23.203725
5.548551
10.486208
-5.460660
10.601432
1.330022
-11.617127
-12.633736
-6.192543
-2.568051
10.955782
-1.209078
105.397395
-8.710119
17.621155
0.940994
-5.404906
-8.133258
-25.184735
2.366648
2.014917
17.349896
-5.583625
0.653555
6.125648
7.744807
-6.420627
3.860130
-1.497784
4.148316
-2.390534
-14.228060
4.479816
8.235749
-15.549455
13.585722
16.883127
-4.623302
1.154141
-0.638251
9.563267
10.257952
-4.921663
1.624075
-4.196190
-4.098754
6.464888
-2.537408
-8.455597
-2.472383
5.676746
8.064802
5.238894
-5.964613
1.447905
8.466415
10.484633
6.214972
5.966975
3.489130
13.458864
-0.510235
-14.871362
7.662697
-4.845488
-10.656989
6.160473
-1.510272
13.243195
1.187284
6.417759
2.114925
-7.132302
-16.675491
0.025029
-6.810567
1.323501
-18.039128
-6.620531
-20.640499
-2.407486
3.760166
15.838356
-8.475053
1.436064
-11.495010
10.091890
10.862298
6.938707
-2.835032
-7.472710
3.175984
3.002920
-10.950962
-13.603434
15.260585
13.864079
1.848097
-4.850999
-17.668554
-17.661254
-8.684649
14.398413
-9.747982
13.508995
14.995995
3.198058
-6.855772
-0.703127
11.730534
-14.621027
13.105872
-8.710119
89.976657
16.546061
-7.562237
-13.868238
-3.039375
-0.919326
6.354669
2.226162
2.625357
-32.225672
-1.700427
2.965498
2.878321
-11.186266
-15.268622
3.317769
9.414201
-13.113496
1.106164
-5.818923
11.567643
12.652415
3.353242
15.841161
-11.239145
-5.586092
-8.533140
4.650193
-7.280049
-1.862270
-1.723017
8.960915
1.378170
-1.459257
-3.524405
-10.733054
-9.848357
21.534333
6.321262
-4.432165
-14.834137
1.841549
-2.784755
12.281297
9.402956
4.864264
5.811982
7.514328
-6.210513
11.709234
-4.360251
-15.507733
2.522145
15.671591
7.342447
0.102263
1.899214
-10.648865
-7.457251
-4.367946
6.919938
4.875679
14.810528
-3.631097
-7.810359
-6.677413
-3.570213
5.468380
1.542164
-4.918120
-3.111273
-3.639245
5.313365
8.421208
-6.644971
6.434978
4.911121
-7.195799
-13.722486
-1.443531
-8.059696
-4.144883
-0.761477
3.988165
6.379514
-12.869215
-3.490330
10.497357
3.954001
3.266119
-13.498431
2.035655
6.011922
-8.090521
-1.171016
16.899294
-1.449411
-7.427913
-6.618765
17.621155
16.546061
75.387115
-1.033049
-2.294393
-11.651956
-13.441082
-7.779555
-5.204156
3.989054
0.065684
-4.038108
12.953503
-6.857233
15.075083
-9.699718
5.591276
-11.745482
7.025651
-12.085017
2.894804
-8.522129
-14.004275
5.013148
-6.475876
7.447990
-1.511372
-2.905210
-2.436636
8.227857
-17.975232
0.843859
-1.532960
-9.380585
-10.392055
1.707766
-4.570061
0.738337
-1.469011
10.182847
-14.632330
5.016209
0.575582
-5.404767
-0.716643
-6.839524
14.200295
-8.798345
7.652341
-6.246727
-1.309824
-14.467790
-22.447159
8.092250
2.473246
-5.983150
-1.968746
-1.791513
-22.148494
-7.512185
-4.903539
8.634932
3.055074
-10.445241
14.909337
-4.062015
2.161417
5.006614
13.478165
-8.926283
-7.299971
-10.074835
4.214746
-5.503716
-7.581034
-1.873691
6.203654
-2.315956
-10.926824
12.626374
5.969577
-14.485378
5.621846
-6.504832
0.655812
-9.998315
12.908068
14.516369
9.517428
11.676256
-2.378045
-7.269788
7.379680
-4.130343
-0.899876
6.283110
7.891381
-1.943693
-17.065864
-13.692281
0.940994
-7.562237
-1.033049
96.195171
-0.338006
-4.644779
8.321485
-8.387419
0.848535
4.228468
-0.126645
-7.268981
-6.753696
3.524004
5.777387
-3.148961
24.999675
-13.690146
14.631454
-0.572065
3.685597
-16.098309
8.407577
-14.161235
11.209148
3.940044
-7.287268
-1.723294
-13.233419
-20.098378
19.141759
-20.928681
34.053842
1.466887
-14.599955
-17.158549
2.908639
5.945770
-0.435109
-6.043357
-7.807600
1.558399
-5.324278
-5.620352
-10.142245
16.444316
3.004952
-3.207305
4.583848
7.592160
-3.818222
-17.738249
12.618423
15.906659
-2.568858
4.396860
-5.569893
-20.456067
-8.093063
2.027897
4.198424
-0.651875
1.835114
-14.352161
-14.272647
0.278854
-18.141396
14.389281
-0.516721
1.255097
6.628663
-6.576847
-13.253019
-15.036576
-2.436310
3.257259
-4.084881
12.699757
-15.663550
9.159554
-7.274342
16.052368
10.140026
-10.659259
-8.237246
-14.977194
-5.645572
3.310737
-12.492804
16.333810
0.148626
-2.210087
-0.371873
0.389411
16.137394
6.062515
7.930514
-0.946358
0.840170
-4.831608
-5.404906
-13.868238
-2.294393
-0.338006
113.464943
11.075781
13.332336
-3.309830
-0.464130
-3.574646
-13.735028
-3.951547
-0.632092
-12.622265
6.969977
-6.328571
6.536239
5.185776
7.274317
-1.195899
1.819100
-0.067180
-13.432130
5.789954
6.366283
6.040033
6.915467
-4.132473
4.710360
-15.682183
7.729900
-9.809671
-7.321022
7.296254
6.402691
9.398630
-9.757935
13.410637
7.782014
-15.571537
8.405093
1.547885
-5.240824
-2.527478
-6.681231
4.596884
20.133616
-10.014264
-27.693821
3.822732
-2.767430
11.752114
4.376396
-1.670936
-20.170782
19.944494
3.490271
-7.562346
16.896351
9.817967
4.389139
-17.206435
-2.345245
-10.842884
-11.681645
-10.492226
5.036182
-15.105713
-1.770836
-2.333668
1.792196
-3.083357
2.177751
-15.268925
0.126732
-6.493367
-7.869574
-0.056100
-7.813469
-13.489768
6.430110
7.141507
11.024427
-3.601387
0.893652
-8.434452
4.608377
9.023863
0.415308
10.906845
8.329089
-11.911055
-6.289003
-11.669018
1.260082
6.172082
-4.119256
0.282956
11.908318
19.737275
-8.133258
-3.039375
-11.651956
-4.644779
11.075781
104.900771
-3.385819
-12.019097
5.487468
-8.695888
-5.072805
-0.867762
-4.986708
-3.098046
-4.118664
-4.214713
-2.296323
-1.679696
13.495454
-1.041893
12.589089
-1.684843
-2.858355
-9.127594
-14.599898
22.171305
5.425872
-7.993365
-5.996708
5.332819
-6.446236
-7.363244
0.283219
0.789770
-6.755698
-3.601953
-3.358085
5.005327
3.618672
-9.807094
-6.393550
-0.778753
8.805576
1.312837
1.343697
-13.039105
5.046987
-8.615216
-18.337259
-19.061863
-11.503576
5.384114
-0.181819
4.219161
2.329179
7.320649
11.937086
-2.820143
-6.125378
4.005876
-0.157569
23.796071
9.667788
-3.278508
-6.885747
-6.320521
16.378525
-2.118043
-23.400017
-4.669046
-7.650083
-1.535287
-33.460049
19.757430
-10.275809
-4.793257
-3.638734
-2.103041
9.891989
8.282575
1.537355
1.234467
12.550706
3.607220
-14.454113
-13.696258
-3.381788
0.489568
-1.493491
-3.580216
1.245986
12.667654
-6.176066
1.243272
2.804821
1.322121
-3.531640
-5.618032
-10.765712
-1.481454
-25.184735
-0.919326
-13.441082
8.321485
13.332336
-3.385819
101.023578
2.352939
-6.449502
9.462029
9.575340
4.447783
-5.809230
-6.184218
14.099355
9.546401
1.317712
-7.275328
3.666781
10.885672
-1.031945
5.497160
5.668240
13.049371
-1.549550
-3.395543
4.560401
12.761781
14.110421
9.549676
10.397545
-8.222061
19.955532
3.524449
15.601135
8.670481
-0.969302
-2.138440
3.123521
-10.224877
-3.621552
5.650964
-2.459063
6.200190
-2.079981
-5.686337
-4.819588
5.129132
2.448109
2.871643
-2.921044
-7.108037
-4.195232
-11.809823
2.588306
-0.127113
0.894036
-10.835725
-5.026474
0.913750
1.476366
4.983446
-14.464081
-0.380511
7.698668
-0.691986
-14.531093
9.827833
-8.939213
10.792722
0.940294
6.117388
4.509349
-6.553593
7.130746
9.463763
-7.017323
8.931149
-5.407432
-0.863458
5.218929
4.924254
1.946934
2.341421
8.270816
2.053437
-1.627332
-15.414750
0.793199
-14.325476
-2.953814
-1.244176
-4.943540
13.484340
-5.156396
-9.223791
-0.169507
7.981614
1.431625
12.124482
2.366648
6.354669
-7.779555
-8.387419
-3.309830
-12.019097
2.352939
76.261343
-5.759345
5.562183
-6.303076
6.009791
5.555870
5.374762
-0.472560
-5.195166
-11.912317
-8.598696
-3.359967
-5.483596
2.503031
9.864147
-14.897783
15.409745
-11.099466
1.423825
-17.253241
12.190036
1.171427
-8.884495
11.752811
-3.380603
-16.664161
-7.073690
-1.428893
-6.153063
8.061817
-9.749671
8.843525
9.906364
17.004984
5.411331
15.995186
-6.657877
-4.694871
0.731679
-5.952292
-21.821700
13.775571
-7.723471
8.425242
18.414227
0.169088
9.100596
-11.723060
-3.752480
9.725808
24.787390
34.137133
11.729400
8.973715
-14.770701
2.032730
2.534606
-19.571246
-15.792252
-6.415268
-3.862066
5.230102
7.338391
-23.280789
6.125809
6.383804
14.578406
9.121700
-6.252402
-0.179724
5.112329
-17.511036
-6.653602
-4.830458
6.562337
-7.078210
3.344702
3.656266
-10.571158
-8.053643
9.334915
-4.917599
26.825853
-16.568321
25.030294
14.428046
-12.499759
-10.526437
17.916803
5.094404
12.691415
-9.930186
9.175939
2.014917
2.226162
-5.204156
0.848535
-0.464130
5.487468
-6.449502
-5.759345
94.801083
-12.500981
-7.573467
1.397381
-23.026854
-12.276302
-7.425464
-3.339785
7.205413
-11.795812
7.399473
3.249026
-3.781967
3.373653
-6.247397
-6.874087
-3.427096
-1.938361
-7.105274
-3.156565
-3.499220
10.606492
6.396562
1.894933
-2.415371
-7.820004
5.018345
-3.433330
-11.129373
-2.995344
-1.179108
-10.812612
-12.536846
-22.709378
-14.458362
13.169745
-11.475883
5.883382
-4.618566
-8.053290
2.345284
-1.331286
1.533251
-6.692145
-7.346371
13.594880
-20.638398
7.294040
-4.591314
7.849955
-1.284993
-1.882774
-17.239330
9.849358
-0.406570
14.098059
2.625220
-5.297647
-2.456655
4.384712
-14.501030
5.697429
-4.770841
3.335902
-10.432276
21.395877
-1.899189
-0.478441
-9.070386
-3.716833
3.454304
11.422289
-0.136895
-16.995317
12.623585
-3.226241
23.657912
2.482423
-7.561868
5.972458
-7.405744
9.111237
-0.903181
6.241838
-12.727666
11.866055
12.801277
-4.125176
-13.284992
0.335349
-9.971291
-5.633020
17.349896
2.625357
3.989054
4.228468
-3.574646
-8.695888
9.462029
5.562183
-12.500981
94.272158
-7.611452
-16.862910
-11.964385
-4.952640
4.312115
5.852222
-0.609879
-11.865022
9.089123
0.898745
-0.417168
6.052343
-5.767473
-18.472990
-5.041930
11.489320
12.897445
1.566644
-0.377262
-1.257185
-18.213758
5.081044
-3.399103
-7.238727
-13.439683
3.184657
10.379950
-4.587156
1.633746
-4.408305
8.524503
5.565289
8.051893
-7.567890
-18.714215
-11.484516
-7.912163
1.722359
-12.809594
5.165653
-6.356732
10.083570
-0.974585
3.983860
-9.400179
13.717782
-15.455502
-9.695772
7.463229
-6.631886
1.045544
18.337916
-12.145429
14.183156
-3.070609
-8.992523
-5.170177
10.655254
4.446440
-4.124776
3.118954
4.098108
-16.118201
2.960296
-13.803304
-6.670168
-8.110763
4.353766
11.467498
3.729559
-13.717358
-0.483796
2.892309
0.808652
-11.300292
-4.297208
9.348012
-12.725147
12.429316
2.045386
-4.828999
17.085507
-1.917043
-7.846436
2.856987
-0.867925
-3.155757
1.540055
11.791337
-32.820209
-5.583625
-32.225672
0.065684
-0.126645
-13.735028
-5.072805
9.575340
-6.303076
-7.573467
-7.611452
101.539866
-13.719563
6.738437
-0.323078
-7.942282
12.849187
-12.508029
2.800195
-9.438668
-8.814817
-1.407068
-0.861542
11.261732
14.368478
5.428609
-2.243101
1.561370
2.169500
1.550201
0.901454
-10.554759
-18.607106
12.983921
2.728920
25.229380
-0.491839
-10.092455
2.781728
3.826607
5.500921
2.131326
-2.841252
3.379783
6.314394
26.846489
-1.856965
3.888613
-13.929483
-5.715841
-12.665631
10.359777
10.853872
-2.367704
1.939543
7.051276
0.161183
7.670242
4.383932
-4.721154
-8.574347
0.658217
-13.657388
-16.518905
-4.676338
-8.078308
-11.127654
12.269089
-7.846438
-15.725123
-7.774649
-1.996235
1.573448
17.380201
-1.715456
8.447156
14.519282
7.861637
2.398165
15.312561
10.463427
14.488725
9.155900
7.237951
-2.959010
2.037762
-1.762989
-17.944933
7.965391
4.456094
-12.199124
-30.775191
4.817860
6.521274
-15.019221
-16.606320
1.711817
-0.461555
-3.395402
6.672300
6.420874
0.653555
-1.700427
-4.038108
-7.268981
-3.951547
-0.867762
4.447783
6.009791
1.397381
-16.862910
-13.719563
92.822960
