50
47.952395
-8.725989
-5.618051
9.380684
9.436635
5.420162
-13.942985
-4.359686
-8.914378
-3.247523
2.677188
-8.314783
-7.881049
3.361314
-4.832143
0.471466
-1.102594
1.961515
0.851226
-1.007730
-8.067138
-9.070572
0.667254
-1.557248
-5.042556
3.070841
-5.459727
5.566779
-6.281344
-7.835170
4.311097
9.332162
-2.544577
19.219093
7.489794
-14.862520
-10.361917
7.166858
-5.815030
1.555760
-0.109659
5.643914
-0.232866
-8.034852
-1.378661
-0.282898
8.084673
1.040235
-3.977009
6.086303
-8.725989
49.405276
-2.253514
0.028660
-7.307131
11.046814
8.228019
6.039699
2.712623
-9.007950
-17.923102
8.068223
-5.525987
3.803361
-3.069218
7.058369
4.248563
4.594000
-8.103695
4.542486
-11.172542
2.259374
-2.887859
10.046119
5.924666
-7.168422
-0.613836
1.956614
6.045289
1.902065
-9.513315
-3.912147
3.839768
-12.507262
-12.408967
-4.321925
4.169856
-6.247170
12.419897
7.590749
9.881267
-13.542331
8.195310
-1.635381
2.277150
5.100526
7.931899
-4.999635
-1.860009
-8.630220
-5.618051
-2.253514
35.682013
-8.900106
9.804710
-10.302887
4.034964
3.141093
12.754942
3.088333
-0.797609
4.696572
11.038497
8.206093
1.709039
4.386440
1.444271
-6.742860
-1.615377
6.189313
-2.233866
5.427110
10.298807
7.034181
3.586663
6.621131
-7.497542
-0.842358
5.438472
2.514753
0.269314
0.409438
4.590359
-1.844982
-1.778776
1.109260
-1.318976
0.242698
-1.744366
-7.359013
4.487443
-2.587413
6.252363
-6.420653
0.817223
-0.577294
6.932684
-2.778571
4.017063
3.659868
9.380684
0.028660
-8.900106
53.910439
1.534110
-8.263745
-7.405369
1.982439
-19.584106
6.826812
-2.567593
7.567341
-5.655452
-3.842708
-7.922627
-6.817277
4.563490
0.616464
-7.698788
8.607847
-4.428215
-0.037118
-2.499364
-4.201356
-4.540771
1.970479
6.265273
-7.397194
-6.849348
-5.704023
-2.933452
-2.427127
4.478024
2.879027
-3.522675
0.400049
4.589831
4.086178
-1.882557
4.203936
-7.437869
17.605328
10.145204
11.147509
-6.667626
-0.323539
-3.462565
-1.445003
-1.175424
8.489155
9.436635
-7.307131
9.804710
1.534110
54.065103
-17.670851
-14.774028
-0.623422
2.512384
-1.771210
-0.368119
-6.070398
-3.060242
1.772725
22.081629
7.595032
-2.322214
-2.949875
7.168747
7.390846
11.401360
3.285510
-7.330796
-8.147064
2.497760
-6.758006
-1.522891
-7.596086
-4.812043
-10.613544
9.655829
-11.297736
0.416292
3.475251
6.630884
-8.284236
1.032967
-1.706606
11.781793
-6.243181
5.336824
14.054992
8.001162
12.692656
4.309956
-13.092286
1.975065
5.862490
-1.944009
10.032143
5.420162
11.046814
-10.302887
-8.263745
-17.670851
36.022582
7.024856
-0.684584
4.782118
-3.321284
-5.440998
-7.078578
-3.994189
2.197289
-8.326265
-0.272974
-2.357085
2.958434
-6.419850
-6.013886
-8.934667
-4.262176
1.337153
2.667383
-2.373722
0.498556
2.154636
7.845554
-3.480608
9.068292
0.107867
6.802892
-0.470000
-1.036382
4.449780
3.055674
-3.891573
-3.664509
1.531012
2.423297
-4.908609
1.689452
-4.050399
-0.659217
-2.822385
16.831696
4.824177
-0.142954
-0.377547
-7.071526
-13.942985
8.228019
4.034964
-7.405369
-14.774028
7.024856
45.570931
11.284436
8.316841
-0.138000
-5.766309
12.480046
-4.603928
-5.896479
2.272823
9.388545
-1.077060
8.617885
5.336229
-2.350948
-0.058866
-0.532852
7.493585
-6.401436
4.520847
4.597790
10.315679
2.149646
-5.054163
1.730035
1.400156
-5.202960
1.822931
0.192421
-7.253180
6.603633
2.242532
6.974190
-8.489431
1.137941
-12.594596
-8.674492
-3.722338
-5.627099
4.702914
4.828875
-4.527778
-0.114111
3.321247
0.542137
-4.359686
6.039699
3.141093
1.982439
-0.623422
-0.684584
11.284436
40.203434
0.917044
-9.459361
-3.370796
5.116432
-0.326079
-5.528959
-0.781256
1.598842
1.958844
3.902923
7.112637
1.385732
-3.250803
2.223132
-5.821190
3.314209
7.369697
3.294798
-0.224416
4.140011
-7.150337
-10.559393
-3.951980
4.999878
5.466312
-2.577826
-10.534407
10.738027
-2.343185
-13.231466
-11.772493
-5.560945
1.999126
-0.177965
3.298002
-4.647370
-5.493680
-4.453166
4.834911
-3.594199
1.516744
5.423781
-8.914378
2.712623
12.754942
-19.584106
2.512384
4.782118
8.316841
0.917044
57.407029
11.977855
2.279990
-5.062270
3.886921
1.049854
6.494950
0.602422
-8.770273
4.404653
6.483026
3.370384
-4.181935
4.792251
1.762204
11.292006
3.238070
5.636917
-2.734495
9.037840
-0.049351
2.792611
0.204849
0.623437
12.564239
-0.848042
-5.795689
0.321386
4.923201
-2.426383
-3.561640
2.827257
4.293797
-7.555866
-8.121053
5.508678
-5.926529
-5.533151
-7.384850
9.447457
9.987464
-7.178134
-3.247523
-9.007950
3.088333
6.826812
-1.771210
-3.321284
-0.138000
-9.459361
11.977855
43.848184
1.237938
4.943619
0.872809
5.645986
1.922949
1.361385
-11.337768
0.658843
-12.057539
6.384128
4.334457
-0.780291
13.908945
-5.234381
5.701681
10.056142
2.239325
-7.739166
-2.555582
6.644398
1.806611
5.739180
-11.443271
2.349071
-6.677395
4.478150
2.911685
-3.900324
7.002152
15.702782
-2.382878
-3.005624
5.081798
-1.100754
1.040746
-8.442468
-3.330387
-5.637879
0.746163
14.786500
2.677188
-17.923102
-0.797609
-2.567593
-0.368119
-5.440998
-5.766309
-3.370796
2.279990
1.237938
52.812558
-7.927412
7.931832
-3.047428
12.720536
-2.436047
-4.852443
2.013007
-4.091504
-2.705946
7.834629
-6.526395
3.565669
-2.995006
-3.535768
-2.379942
0.077337
10.963300
-0.454152
-4.102062
2.263683
11.192534
3.820990
12.016564
8.837533
9.358865
-0.384488
7.787921
-1.586928
-6.963288
2.227613
-3.795853
-9.492110
6.229559
-4.759352
4.638064
6.446709
-8.043059
1.084630
13.638469
-8.314783
8.068223
4.696572
7.567341
-6.070398
-7.078578
12.480046
5.116432
-5.062270
4.943619
-7.927412
40.698163
-1.650184
1.740644
-0.269498
7.985905
0.327262
-2.547116
0.842666
1.805257
-5.170669
4.792214
2.613402
-7.606794
5.381590
6.376198
-4.706889
-1.184191
3.680341
3.541514
-10.160143
2.426249
3.312507
-9.864079
-7.726993
0.829630
3.891049
0.023817
-2.058933
3.044648
-3.031187
-2.246188
-10.972098
-5.896543
-0.421773
-4.456763
-4.045499
-2.896646
-4.068961
1.421090
-7.881049
-5.525987
11.038497
-5.655452
-3.060242
-3.994189
-4.603928
-0.326079
3.886921
0.872809
7.931832
-1.650184
38.376529
3.656090
-1.213986
-5.174353
-5.317538
2.415393
3.819712
2.069753
8.326440
14.911595
-11.512171
1.636328
-2.706385
5.552739
-0.003622
3.768432
3.969960
-6.070356
-3.944222
4.969141
-9.184633
-2.967587
3.904960
3.254688
-1.202431
-4.008900
1.033994
-6.840471
1.038727
-14.552290
8.471271
-0.694142
-3.293692
1.666803
-2.916659
0.051916
2.221801
8.199550
3.361314
3.803361
8.206093
-3.842708
1.772725
2.197289
-5.896479
-5.528959
1.049854
5.645986
-3.047428
1.740644
3.656090
46.042934
6.699897
-6.328165
-2.126785
7.985174
-4.130750
-4.736081
-12.285231
12.176524
-2.591244
9.402487
5.308311
5.974791
-1.094932
1.840005
-1.007955
-2.147139
5.932914
7.607812
4.071839
-6.894282
2.247049
-7.391603
-8.801975
-12.063851
11.253803
-1.194202
6.869927
-1.046433
10.077757
-11.729655
3.439835
-5.693668
7.124821
-3.927169
0.783108
-1.962245
-4.832143
-3.069218
1.709039
-7.922627
22.081629
-8.326265
2.272823
-0.781256
6.494950
1.922949
12.720536
-0.269498
-1.213986
6.699897
70.738105
-6.368486
14.946961
5.815643
-5.116131
4.118661
17.491830
2.152506
-3.896790
-11.933057
-9.354683
-9.115566
3.686539
-9.206664
13.836407
-13.796604
1.761378
-0.798004
4.194420
-2.057928
12.743973
3.088845
4.546802
-7.906489
7.781946
-18.846232
6.366011
7.210539
-3.784006
16.019692
5.739459
-0.626385
-4.713874
-2.846872
-10.194721
7.659953
0.471466
7.058369
4.386440
-6.817277
7.595032
-0.272974
9.388545
1.598842
0.602422
1.361385
-2.436047
7.985905
-5.174353
-6.328165
-6.368486
41.274671
-6.585124
-5.533920
-3.979065
0.924811
-5.008119
-12.560583
1.570968
-13.784600
11.285097
8.438537
-0.423198
-5.547796
0.547553
4.877397
-8.435899
-3.916310
-5.886787
-6.666173
3.380532
-5.908814
4.329093
6.605846
-2.895362
11.129543
0.488514
3.397424
-2.911943
-14.383005
12.777984
3.206903
6.771617
-7.479529
0.298093
9.735246
-1.102594
4.248563
1.444271
4.563490
-2.322214
-2.357085
-1.077060
1.958844
-8.770273
-11.337768
-4.852443
0.327262
-5.317538
-2.126785
14.946961
-6.585124
39.212365
-1.412142
-5.812339
7.025585
-7.601558
-0.071522
3.404098
1.574840
-8.897235
4.302828
-10.921310
-1.981166
7.021438
-15.077197
-0.555656
3.191764
6.321170
-0.005976
6.350749
-5.421786
-0.647350
-7.404985
-3.738713
-15.388468
2.441027
14.123065
-1.452536
8.649406
-0.714515
4.778989
-3.805869
-2.125732
-5.842087
-15.679666
1.961515
4.594000
-6.742860
0.616464
-2.949875
2.958434
8.617885
3.902923
4.404653
0.658843
2.013007
-2.547116
2.415393
7.985174
5.815643
-5.533920
-1.412142
47.725483
1.682773
-5.173929
-0.044928
-0.874034
-10.538563
8.630768
6.364716
-4.488302
6.042457
5.737477
-7.917706
-4.515146
-0.386796
4.638679
9.444458
5.222553
-6.515459
5.009425
2.976831
-1.464073
-3.584936
-15.957855
3.754443
-1.937710
-3.795461
5.107565
-0.342925
7.557175
-9.283346
7.870328
-6.846908
7.829859
0.851226
-8.103695
-1.615377
-7.698788
7.168747
-6.419850
5.336229
7.112637
6.483026
-12.057539
-4.091504
0.842666
3.819712
-4.130750
-5.116131
-3.979065
-5.812339
1.682773
59.288672
4.217490
3.732723
16.598998
-7.197995
-7.466420
-3.452994
1.282151
4.334695
-11.970886
0.078728
-5.062947
14.463867
-7.128162
2.033507
-7.353793
-13.076316
3.287116
-7.355441
-2.383810
-7.880028
-0.983405
-2.274782
-5.736306
-10.806443
8.527843
-2.650307
-10.143378
5.150063
1.609110
2.777942
-2.606951
-1.007730
4.542486
6.189313
8.607847
7.390846
-6.013886
-2.350948
1.385732
3.370384
6.384128
-2.705946
1.805257
2.069753
-4.736081
4.118661
0.924811
7.025585
-5.173929
4.217490
46.250509
4.101062
6.646512
10.806069
-5.613627
-0.187375
-0.598999
-4.390480
-6.001487
3.714998
1.485659
2.022643
-5.553471
-9.375214
-3.663964
-0.159582
5.466705
6.910350
-8.918919
1.706344
5.149951
-3.480781
1.394270
4.894667
-5.603074
-12.880547
2.343583
4.795594
-10.186740
-0.668261
4.794998
-8.067138
-11.172542
-2.233866
-4.428215
11.401360
-8.934667
-0.058866
-3.250803
-4.181935
4.334457
7.834629
-5.170669
8.326440
-12.285231
17.491830
-5.008119
-7.601558
-0.044928
3.732723
4.101062
49.978709
1.605019
-1.407600
-7.666699
-0.569654
-16.620352
-0.517965
-10.045352
6.854070
5.808473
1.562892
-11.939513
-11.632596
3.732703
5.459746
5.008594
3.693392
2.360149
0.183942
-4.483736
-6.030389
-6.197603
6.290239
8.699463
9.471971
-7.733760
-2.545379
5.297856
0.032227
3.188588
-9.070572
2.259374
5.427110
-0.037118
3.285510
-4.262176
-0.532852
2.223132
4.792251
-0.780291
-6.526395
4.792214
14.911595
12.176524
2.152506
-12.560583
-0.071522
-0.874034
16.598998
6.646512
1.605019
34.896230
-11.371482
5.658197
1.428492
6.249036
2.771338
-7.260520
-3.897317
-7.751682
8.116553
3.336352
-1.166471
-8.108960
-3.338508
-1.591987
3.258927
-11.379384
8.809762
-6.463039
5.073078
-7.439522
-1.551491
6.165985
-5.554477
-6.180455
-2.828347
4.746979
-6.325747
-3.056542
0.667254
-2.887859
10.298807
-2.499364
-7.330796
1.337153
7.493585
-5.821190
1.762204
13.908945
3.565669
2.613402
-11.512171
-2.591244
-3.896790
1.570968
3.404098
-10.538563
-7.197995
10.806069
-1.407600
-11.371482
59.067110
-11.431762
-5.786880
-1.532557
-1.918397
-4.408191
1.660520
9.129910
4.092076
2.579455
-1.124115
-0.554198
-3.806804
-1.723324
-6.289244
-8.597856
-4.647080
5.610862
-1.983821
-4.399281
-2.895325
-16.975944
4.670858
11.096302
-1.591743
-11.845906
7.056760
-9.254406
-1.557248
10.046119
7.034181
-4.201356
-8.147064
2.667383
-6.401436
3.314209
11.292006
-5.234381
-2.995006
-7.606794
1.636328
9.402487
-11.933057
-13.784600
1.574840
8.630768
-7.466420
-5.613627
-7.666699
5.658197
-11.431762
46.834713
0.271770
3.401288
-7.918501
12.573148
4.129195
-3.758663
-1.900279
2.431241
1.778149
2.939332
-5.563261
-5.321914
-3.008584
0.048614
9.021018
-5.786147
11.002502
-8.069085
11.349034
3.340237
-6.697293
-4.599770
-1.680173
9.832336
4.221944
-6.799517
-5.042556
5.924666
3.586663
-4.540771
2.497760
-2.373722
4.520847
7.369697
3.238070
5.701681
-3.535768
5.381590
-2.706385
5.308311
-9.354683
11.285097
-8.897235
6.364716
-3.452994
-0.187375
-0.569654
1.428492
-5.786880
0.271770
38.732641
10.967836
-6.854481
-8.792465
-14.408826
6.086950
-2.827283
2.633430
-2.764630
-4.287177
-2.901745
5.211238
7.125042
-0.836360
1.305229
15.182032
3.040098
1.911656
0.839727
-12.829094
2.815468
-2.859122
8.626943
4.740943
-1.580834
6.303422
3.070841
-7.168422
6.621131
1.970479
-6.758006
0.498556
4.597790
3.294798
5.636917
10.056142
-2.379942
6.376198
5.552739
5.974791
-9.115566
8.438537
4.302828
-4.488302
1.282151
-0.598999
-16.620352
6.249036
-1.532557
3.401288
10.967836
47.042269
-7.414759
-7.681241
-9.482836
-9.414669
-4.174171
11.505178
2.349313
5.968868
-5.678361
-3.204866
11.821858
2.416075
9.223462
5.116473
8.068565
-2.329679
2.414823
-6.259084
-8.127001
-0.485509
6.514414
-3.112147
-3.509736
4.113128
-5.459727
-0.613836
-7.497542
6.265273
-1.522891
2.154636
10.315679
-0.224416
-2.734495
2.239325
0.077337
-4.706889
-0.003622
-1.094932
3.686539
-0.423198
-10.921310
6.042457
4.334695
-4.390480
-0.517965
2.771338
-1.918397
-7.918501
-6.854481
-7.414759
39.737126
-9.912415
-5.858506
4.412938
14.393613
-11.352548
6.525118
-0.762221
-2.443229
2.772667
2.856193
3.175468
3.738934
0.841983
-10.597126
-8.865175
0.124828
6.480264
2.916557
7.736362
-4.277286
-2.810366
-0.749666
6.271072
5.566779
1.956614
-0.842358
-7.397194
-7.596086
7.845554
2.149646
4.140011
9.037840
-7.739166
10.963300
-1.184191
3.768432
1.840005
-9.206664
-5.547796
-1.981166
5.737477
-11.970886
-6.001487
-10.045352
-7.260520
-4.408191
12.573148
-8.792465
-7.681241
-9.912415
47.531860
-3.304908
-6.671544
-6.614983
10.170830
-0.254932
7.214154
-0.957514
2.013415
-3.913533
1.461901
-10.737781
-5.034028
3.185393
-5.294437
-2.258098
-1.160715
-10.405093
0.462212
-7.315549
0.171216
5.469130
0.021113
-6.281344
6.045289
5.438472
-6.849348
-4.812043
-3.480608
-5.054163
-7.150337
-0.049351
-2.555582
-0.454152
3.680341
3.969960
-1.007955
13.836407
0.547553
7.021438
-7.917706
0.078728
3.714998
6.854070
-3.897317
1.660520
4.129195
-14.408826
-9.482836
-5.858506
-3.304908
41.660372
-0.937925
-2.865065
-4.034638
3.761388
-9.814910
-5.290922
-2.539340
-4.169676
-0.888610
0.121799
-6.343654
8.208896
-2.045392
-1.250957
8.207390
11.954499
1.201279
4.187297
-7.813569
5.627786
-6.485465
-7.835170
1.902065
2.514753
-5.704023
-10.613544
9.068292
1.730035
-10.559393
2.792611
6.644398
-4.102062
3.541514
-6.070356
-2.147139
-13.796604
4.877397
-15.077197
-4.515146
-5.062947
1.485659
5.808473
-7.751682
9.129910
-3.758663
6.086950
-9.414669
4.412938
-6.671544
-0.937925
39.144688
-3.514513
-10.925073
-0.030251
-4.826883
1.827032
11.844058
4.931442
5.298661
-8.370356
10.809458
-4.259464
-3.126134
-1.344517
-4.934174
1.411689
6.095101
2.881501
-0.775885
1.487069
-6.768943
4.311097
-9.513315
0.269314
-2.933452
9.655829
0.107867
1.400156
-3.951980
0.204849
1.806611
2.263683
-10.160143
-3.944222
5.932914
1.761378
-8.435899
-0.555656
-0.386796
14.463867
2.022643
1.562892
8.116553
4.092076
-1.900279
-2.827283
-4.174171
14.393613
-6.614983
-2.865065
-3.514513
36.062054
-7.756562
5.641355
9.675035
-4.054824
0.464932
-10.037123
-3.588499
3.707513
-0.061138
-4.301817
1.225960
4.013469
10.655936
-3.214352
-0.911150
5.966763
-7.639515
-1.977963
-0.801366
9.332162
-3.912147
0.409438
-2.427127
-11.297736
6.802892
-5.202960
4.999878
0.623437
5.739180
11.192534
2.426249
4.969141
7.607812
-0.798004
-3.916310
3.191764
4.638679
-7.128162
-5.553471
-11.939513
3.336352
2.579455
2.431241
2.633430
11.505178
-11.352548
10.170830
-4.034638
-10.925073
-7.756562
41.295086
-2.787002
0.174502
9.669800
-11.152870
-6.844389
-7.009715
4.546665
-1.755265
5.702414
6.220205
-5.760869
-6.748395
-11.871610
-0.756934
3.369394
1.567512
-3.686536
7.242515
-2.544577
3.839768
4.590359
4.478024
0.416292
-0.470000
1.822931
5.466312
12.564239
-11.443271
3.820990
3.312507
-9.184633
4.071839
4.194420
-5.886787
6.321170
9.444458
2.033507
-9.375214
-11.632596
-1.166471
-1.124115
1.778149
-2.764630
2.349313
6.525118
-0.254932
3.761388
-0.030251
5.641355
-2.787002
50.602846
2.140175
-8.202378
-0.853764
9.462312
3.673919
-3.063990
-16.250078
3.227313
1.056596
-4.982767
12.123101
-1.736761
4.925757
-1.667196
2.289352
-3.770309
-15.181409
19.219093
-12.507262
-1.844982
2.879027
3.475251
-1.036382
0.192421
-2.577826
-0.848042
2.349071
12.016564
-9.864079
-2.967587
-6.894282
-2.057928
-6.666173
-0.005976
5.222553
-7.353793
-3.663964
3.732703
-8.108960
-0.554198
2.939332
-4.287177
5.968868
-0.762221
7.214154
-9.814910
-4.826883
9.675035
0.174502
2.140175
45.311574
1.031093
-0.573401
2.212523
12.787928
-1.544618
0.617138
-2.811927
-5.391922
-5.423626
10.119277
-4.293204
3.029278
4.015163
-1.999905
-7.922090
9.110811
7.489794
-12.408967
-1.778776
-3.522675
6.630884
4.449780
-7.253180
-10.534407
-5.795689
-6.677395
8.837533
-7.726993
3.904960
2.247049
12.743973
3.380532
6.350749
-6.515459
-13.076316
-0.159582
5.459746
-3.338508
-3.806804
-5.563261
-2.901745
-5.678361
-2.443229
-0.957514
-5.290922
1.827032
-4.054824
9.669800
-8.202378
1.031093
45.172702
-14.755337
-11.800077
0.668560
4.233462
-5.494587
-5.706678
24.396425
-2.071621
-6.662824
1.955644
1.336315
-3.239204
3.025877
-1.195153
0.045480
-14.862520
-4.321925
1.109260
0.400049
-8.284236
3.055674
6.603633
10.738027
0.321386
4.478150
9.358865
0.829630
3.254688
-7.391603
3.088845
-5.908814
-5.421786
5.009425
3.287116
5.466705
5.008594
-1.591987
-1.723324
-5.321914
5.211238
-3.204866
2.772667
2.013415
-2.539340
11.844058
0.464932
-11.152870
-0.853764
-0.573401
-14.755337
46.843334
2.639741
-4.280663
-16.479484
-6.132306
-1.867988
-0.906216
-5.530035
6.564018
-8.871838
7.191478
7.488213
-11.701057
-1.784473
0.401740
-10.361917
4.169856
-1.318976
4.589831
1.032967
-3.891573
2.242532
-2.343185
4.923201
2.911685
-0.384488
3.891049
-1.202431
-8.801975
4.546802
4.329093
-0.647350
2.976831
-7.355441
6.910350
3.693392
3.258927
-6.289244
-3.008584
7.125042
11.821858
2.856193
-3.913533
-4.169676
4.931442
-10.037123
-6.844389
9.462312
2.212523
-11.800077
2.639741
39.180046
11.186271
5.509395
1.540909
4.632524
-8.901609
-5.432269
6.729431
2.004543
5.420337
-9.034449
9.966485
-9.255926
4.266129
7.166858
-6.247170
0.242698
4.086178
-1.706606
-3.664509
6.974190
-13.231466
-2.426383
-3.900324
7.787921
0.023817
-4.008900
-12.063851
-7.906489
6.605846
-7.404985
-1.464073
-2.383810
-8.918919
2.360149
-11.379384
-8.597856
0.048614
-0.836360
2.416075
3.175468
1.461901
-0.888610
5.298661
-3.588499
-7.009715
3.673919
12.787928
0.668560
-4.280663
11.186271
40.607913
-4.331095
5.193812
-9.793775
-1.746467
-0.342246
2.127064
0.279679
0.377594
-4.362522
4.008854
4.387375
-2.164033
-5.815030
12.419897
-1.744366
-1.882557
11.781793
1.531012
-8.489431
-11.772493
-3.561640
7.002152
-1.586928
-2.058933
1.033994
11.253803
7.781946
-2.895362
-3.738713
-3.584936
-7.880028
1.706344
0.183942
8.809762
-4.647080
9.021018
1.305229
9.223462
3.738934
-10.737781
0.121799
-8.370356
3.707513
4.546665
-3.063990
-1.544618
4.233462
-16.479484
5.509395
-4.331095
51.553409
7.274018
4.642431
-6.676389
8.855375
4.433771
3.778386
-0.643277
11.594168
2.434452
-1.039146
14.379775
1.555760
7.590749
-7.359013
4.203936
-6.243181
2.423297
1.137941
-5.560945
2.827257
15.702782
-6.963288
3.044648
-6.840471
-1.194202
-18.846232
11.129543
-15.388468
-15.957855
-0.983405
5.149951
-4.483736
-6.463039
5.610862
-5.786147
15.182032
5.116473
0.841983
-5.034028
-6.343654
10.809458
-0.061138
-1.755265
-16.250078
0.617138
-5.494587
-6.132306
1.540909
5.193812
7.274018
39.103322
-2.799236
-9.060311
6.287428
-12.004176
2.057708
-4.664176
8.167080
-2.073537
6.548312
7.166636
-0.109659
9.881267
4.487443
-7.437869
5.336824
-4.908609
-12.594596
1.999126
4.293797
-2.382878
2.227613
-3.031187
1.038727
6.869927
6.366011
0.488514
2.441027
3.754443
-2.274782
-3.480781
-6.030389
5.073078
-1.983821
11.002502
3.040098
8.068565
-10.597126
3.185393
8.208896
-4.259464
-4.301817
5.702414
3.227313
-2.811927
-5.706678
-1.867988
4.632524
-9.793775
4.642431
-2.799236
48.514121
-4.712183
3.218157
2.588062
1.061157
2.585624
6.797008
-5.337177
-4.300004
-3.103589
5.643914
-13.542331
-2.587413
17.605328
14.054992
1.689452
-8.674492
-0.177965
-7.555866
-3.005624
-3.795853
-2.246188
-14.552290
-1.046433
7.210539
3.397424
14.123065
-1.937710
-5.736306
1.394270
-6.197603
-7.439522
-4.399281
-8.069085
1.911656
-2.329679
-8.865175
-5.294437
-2.045392
-3.126134
1.225960
6.220205
1.056596
-5.391922
24.396425
-0.906216
-8.901609
-1.746467
-6.676389
-9.060311
-4.712183
61.058362
-6.464519
1.982829
-0.974532
0.379269
-0.498288
-3.613491
2.412141
1.594575
-0.232866
8.195310
6.252363
10.145204
8.001162
-4.050399
-3.722338
3.298002
-8.121053
5.081798
-9.492110
-10.972098
8.471271
10.077757
-3.784006
-2.911943
-1.452536
-3.795461
-10.806443
4.894667
6.290239
-1.551491
-2.895325
11.349034
0.839727
2.414823
0.124828
-2.258098
-1.250957
-1.344517
4.013469
-5.760869
-4.982767
-5.423626
-2.071621
-5.530035
-5.432269
-0.342246
8.855375
6.287428
3.218157
-6.464519
55.954106
-8.106479
-3.277795
-11.465645
7.383063
-1.273414
3.395983
6.264147
-8.034852
-1.635381
-6.420653
11.147509
12.692656
-0.659217
-5.627099
-4.647370
5.508678
-1.100754
6.229559
-5.896543
-0.694142
-11.729655
16.019692
-14.383005
8.649406
5.107565
8.527843
-5.603074
8.699463
6.165985
-16.975944
3.340237
-12.829094
-6.259084
6.480264
-1.160715
8.207390
-4.934174
10.655936
-6.748395
12.123101
10.119277
-6.662824
6.564018
6.729431
2.127064
4.433771
-12.004176
2.588062
1.982829
-8.106479
56.320630
-3.628262
-2.230326
-4.225289
5.737773
-9.311948
-9.114416
-1.378661
2.277150
0.817223
-6.667626
4.309956
-2.822385
4.702914
-5.493680
-5.926529
1.040746
-4.759352
-0.421773
-3.293692
3.439835
5.739459
12.777984
-0.714515
-0.342925
-2.650307
-12.880547
9.471971
-5.554477
4.670858
-6.697293
2.815468
-8.127001
2.916557
-10.405093
11.954499
1.411689
-3.214352
-11.871610
-1.736761
-4.293204
1.955644
-8.871838
2.004543
0.279679
3.778386
2.057708
1.061157
-0.974532
-3.277795
-3.628262
43.566944
3.394306
-1.797808
8.851858
-0.880842
4.626775
-0.282898
5.100526
-0.577294
-0.323539
-13.092286
16.831696
4.828875
-4.453166
-5.533151
-8.442468
4.638064
-4.456763
1.666803
-5.693668
-0.626385
3.206903
4.778989
7.557175
-10.143378
2.343583
-7.733760
-6.180455
11.096302
-4.599770
-2.859122
-0.485509
7.736362
0.462212
1.201279
6.095101
-0.911150
-0.756934
4.925757
3.029278
1.336315
7.191478
5.420337
0.377594
-0.643277
-4.664176
2.585624
0.379269
-11.465645
-2.230326
3.394306
43.528757
6.782323
-15.288638
-4.716547
3.122972
8.084673
7.931899
6.932684
-3.462565
1.975065
4.824177
-4.527778
4.834911
-7.384850
-3.330387
6.446709
-4.045499
-2.916659
7.124821
-4.713874
6.771617
-3.805869
-9.283346
5.150063
4.795594
-2.545379
-2.828347
-1.591743
-1.680173
8.626943
6.514414
-4.277286
-7.315549
4.187297
2.881501
5.966763
3.369394
-1.667196
4.015163
-3.239204
7.488213
-9.034449
-4.362522
11.594168
8.167080
6.797008
-0.498288
7.383063
-4.225289
-1.797808
6.782323
43.209207
-20.342622
-3.776213
13.217724
1.040235
-4.999635
-2.778571
-1.445003
5.862490
-0.142954
-0.114111
-3.594199
9.447457
-5.637879
-8.043059
-2.896646
0.051916
-3.927169
-2.846872
-7.479529
-2.125732
7.870328
1.609110
-10.186740
5.297856
4.746979
-11.845906
9.832336
4.740943
-3.112147
-2.810366
0.171216
-7.813569
-0.775885
-7.639515
1.567512
2.289352
-1.999905
3.025877
-11.701057
9.966485
4.008854
2.434452
-2.073537
-5.337177
-3.613491
-1.273414
5.737773
8.851858
-15.288638
-20.342622
48.840465
-6.727290
-1.148446
-3.977009
-1.860009
4.017063
-1.175424
-1.944009
-0.377547
3.321247
1.516744
9.987464
0.746163
1.084630
-4.068961
2.221801
0.783108
-10.194721
0.298093
-5.842087
-6.846908
2.777942
-0.668261
0.032227
-6.325747
7.056760
4.221944
-1.580834
-3.509736
-0.749666
5.469130
5.627786
1.487069
-1.977963
-3.686536
-3.770309
-7.922090
-1.195153
-1.784473
-9.255926
4.387375
-1.039146
6.548312
-4.300004
2.412141
3.395983
-9.311948
-0.880842
-4.716547
-3.776213
-6.727290
37.405172
-8.100739
6.086303
-8.630220
3.659868
8.489155
10.032143
-7.071526
0.542137
5.423781
-7.178134
14.786500
13.638469
1.421090
8.199550
-1.962245
7.659953
9.735246
-15.679666
7.829859
-2.606951
4.794998
3.188588
-3.056542
-9.254406
-6.799517
6.303422
4.113128
6.271072
0.021113
-6.485465
-6.768943
-0.801366
7.242515
-15.181409
9.110811
0.045480
0.401740
4.266129
-2.164033
14.379775
7.166636
-3.103589
1.594575
6.264147
-9.114416
4.626775
3.122972
13.217724
-1.148446
-8.100739
64.284933
