20
28.789982
6.143623
-8.045998
-4.460730
8.117030
10.236311
0.956433
10.303408
0.624647
-9.404299
3.876093
-2.859334
-2.472798
2.173243
-1.580521
-7.510885
1.157035
-5.531427
2.629841
-2.556626
6.143623
19.443206
2.209242
-0.903305
1.294846
4.200178
-4.926636
-0.689609
-1.128639
-1.731531
-1.184110
-5.603078
-0.598107
1.017738
-1.111504
-0.794254
-7.572290
-7.957310
2.367968
-4.479402
-8.045998
2.209242
14.376834
3.132269
-6.296650
1.887176
-4.060854
-6.559827
-1.291230
7.901746
-1.999378
-5.036363
-0.551846
0.169257
3.652714
6.822309
1.380878
3.232608
1.021466
-7.202986
-4.460730
-0.903305
3.132269
15.702392
-7.739496
1.326775
-2.247991
-1.928291
-7.113322
-5.368145
1.724181
0.898291
-4.238133
1.486801
7.178979
5.862972
6.695497
0.251645
3.656421
-2.284405
8.117030
1.294846
-6.296650
-7.739496
18.977631
-3.677805
0.881956
2.859890
2.284953
3.179394
1.018015
3.684705
-3.822722
1.757874
-10.518835
-6.087032
-2.038439
1.445497
-2.056035
6.866153
10.236311
4.200178
1.887176
1.326775
-3.677805
21.061662
1.813991
2.309817
-3.348127
-6.988602
-2.482540
9.231899
3.109183
-0.170411
3.200557
0.080125
3.105856
-4.704393
5.937575
-5.493208
0.956433
-4.926636
-4.060854
-2.247991
0.881956
1.813991
13.010513
8.748823
2.610479
-0.710378
2.764776
7.173662
3.785842
-1.892106
1.027037
-3.327264
-2.647466
-4.149999
3.812000
2.563071
10.303408
-0.689609
-6.559827
-1.928291
2.859890
2.309817
8.748823
30.494508
8.491994
-2.892975
5.951419
-4.376398
1.196902
2.053992
-0.416706
-5.394459
-0.216013
-6.383871
1.170769
3.199513
0.624647
-1.128639
-1.291230
-7.113322
2.284953
-3.348127
2.610479
8.491994
23.180022
0.515107
4.894977
0.715201
1.768316
-0.821434
-5.677773
-11.762168
4.880051
0.709887
-0.465732
-1.124863
-9.404299
-1.731531
7.901746
-5.368145
3.179394
-6.988602
-0.710378
-2.892975
0.515107
19.834557
-2.256733
-6.499651
2.871417
-0.161395
-4.582054
3.709672
-1.617557
10.206445
-1.891007
4.534694
3.876093
-1.184110
-1.999378
1.724181
1.018015
-2.482540
2.764776
5.951419
4.894977
-2.256733
11.163861
-1.695295
-5.636692
-0.611008
-1.199158
-6.853798
2.885202
-3.312316
-2.721131
-5.270093
-2.859334
-5.603078
-5.036363
0.898291
3.684705
9.231899
7.173662
-4.376398
0.715201
-6.499651
-1.695295
36.836928
-3.736347
-8.093480
-2.975966
-4.463404
3.991697
-2.504102
16.223579
-0.401774
-2.472798
-0.598107
-0.551846
-4.238133
-3.822722
3.109183
3.785842
1.196902
1.768316
2.871417
-5.636692
-3.736347
16.676838
4.616254
0.108038
0.507144
-6.376349
2.061291
-0.683354
6.608952
2.173243
1.017738
0.169257
1.486801
1.757874
-0.170411
-1.892106
2.053992
-0.821434
-0.161395
-0.611008
-8.093480
4.616254
9.330982
-2.831162
0.298530
2.284526
0.650856
-3.115461
2.931089
-1.580521
-1.111504
3.652714
7.178979
-10.518835
3.200557
1.027037
-0.416706
-5.677773
-4.582054
-1.199158
-2.975966
0.108038
-2.831162
12.191117
6.302766
-1.318884
-0.312198
4.034697
-4.611143
-7.510885
-0.794254
6.822309
5.862972
-6.087032
0.080125
-3.327264
-5.394459
-11.762168
3.709672
-6.853798
-4.463404
0.507144
0.298530
6.302766
23.563464
-0.684749
-5.241717
-0.436288
1.117940
1.157035
-7.572290
1.380878
6.695497
-2.038439
3.105856
-2.647466
-0.216013
4.880051
-1.617557
2.885202
3.991697
-6.376349
2.284526
-1.318884
-0.684749
21.526230
7.437623
-0.839184
-1.930828
-5.531427
-7.957310
3.232608
0.251645
1.445497
-4.704393
-4.149999
-6.383871
0.709887
10.206445
-3.312316
-2.504102
2.061291
0.650856
-0.312198
-5.241717
7.437623
31.458685
-4.403711
5.545157
2.629841
2.367968
1.021466
3.656421
-2.056035
5.937575
3.812000
1.170769
-0.465732
-1.891007
-2.721131
16.223579
-0.683354
-3.115461
4.034697
-0.436288
-0.839184
-4.403711
26.089055
-0.625200
-2.556626
-4.479402
-7.202986
-2.284405
6.866153
-5.493208
2.563071
3.199513
-1.124863
4.534694
-5.270093
-0.401774
6.608952
2.931089
-4.611143
1.117940
-1.930828
5.545157
-0.625200
20.777421
