10
18.555997
5.535142
-0.291271
-6.064600
-0.239349
3.593088
1.526430
-4.872835
-1.846825
-3.342639
5.535142
18.028155
-3.922056
1.832953
4.943656
-2.206657
-1.385606
7.136885
4.258749
-3.948557
-0.291271
-3.922056
6.737423
4.157204
-5.930452
-1.109973
-1.899882
-6.453855
-2.692018
-3.262431
-6.064600
1.832953
4.157204
12.190476
-2.452085
-1.610773
-3.963404
-0.980573
0.543941
-0.073265
-0.239349
4.943656
-5.930452
-2.452085
11.098429
0.629093
1.128193
10.026436
3.006022
4.689803
3.593088
-2.206657
-1.109973
-1.610773
0.629093
8.363286
2.113848
-0.213660
-2.278582
5.104726
1.526430
-1.385606
-1.899882
-3.963404
1.128193
2.113848
11.385276
3.978068
-0.368677
6.763293
-4.872835
7.136885
-6.453855
-0.980573
10.026436
-0.213660
3.978068
14.928991
6.472608
6.018684
-1.846825
4.258749
-2.692018
0.543941
3.006022
-2.278582
-0.368677
6.472608
6.156472
-0.123453
-3.342639
-3.948557
-3.262431
-0.073265
4.689803
5.104726
6.763293
6.018684
-0.123453
11.240280
